2016010300290 	2016010300290 	
2016010300036 	2016010300036 	
2016010200327 	2016010200327 	
2016010300680 	2016010300680 	
2016010300297 	2016010300297 	
2016010100365 	2016010100365 	
2016010200466 	2016010200466 	
2016010100883 	2016010100883 	
2016010100756 	2016010100756 	
2016010300590 	2016010300590 	
2016010300951 	2016010300951 	
2016010100376 	2016010100376 	
2016010300698 	2016010300698 	
2016010300443 	2016010300443 	
2016010300572 	2016010300572 	
2016010100509 	2016010100509 	
2016010300068 	2016010300068 	
2016010300710 	2016010300710 	
2016010100268 	2016010100268 	
2016010300850 	2016010300850 	
2016010300846 	2016010300846 	
2016010300336 	2016010300336 	
2016010300465 	2016010300465 	
2016010100018 	2016010100018 	
2016010300531 	2016010300531 	
2016010200246 	2016010200246 	
2016010300105 	2016010300105 	
2016010200346 	2016010200346 	
2016010100627 	2016010100627 	
2016010100431 	2016010100431 	
2016010300479 	2016010300479 	
2016010300994 	2016010300994 	
2016010100680 	2016010100680 	
2016010300617 	2016010300617 	
2016010300747 	2016010300747 	
2016010300748 	2016010300748 	
2016010100813 	2016010100813 	
2016010100557 	2016010100557 	
2016010100049 	2016010100049 	
2016010300370 	2016010300370 	
2016010100564 	2016010100564 	
2016010300634 	2016010300634 	
2016010200155 	2016010200155 	
2016010300512 	2016010300512 	
2016010300109 	2016010300109 	
2016010200163 	2016010200163 	
2016010300058 	2016010300058 	
2016010100654 	2016010100654 	
2016010300776 	2016010300776 	
2016010300009 	2016010300009 	
2016010300242 	2016010300242 	
2016010300654 	2016010300654 	
2016010100910 	2016010100910 	
2016010200179 	2016010200179 	
2016010300506 	2016010300506 	
2016010300798 	2016010300798 	
2016010100629 	2016010100629 	
2016010300921 	2016010300921 	
2016010300282 	2016010300282 	
2016010100607 	2016010100607 	
2016010300306 	2016010300306 	
2016010300287 	2016010300287 	
2016010200961 	2016010200961 	
2016010300551 	2016010300551 	
2016010100567 	2016010100567 	
2016010300815 	2016010300815 	
2016010300945 	2016010300945 	
2016010300183 	2016010300183 	
2016010300848 	2016010300848 	
2016010300197 	2016010300197 	
2016010200233 	2016010200233 	
2016010300970 	2016010300970 	
2016010200711 	2016010200711 	
2016010100784 	2016010100784 	
2016010300600 	2016010300600 	
2016010300639 	2016010300639 	
2016010300227 	2016010300227 	
2016010300620 	2016010300620 	
2016010100686 	2016010100686 	
2016010100692 	2016010100692 	
2016010300759 	2016010300759 	
2016010300123 	2016010300123 	
2016010100005 	2016010100005 	
2016010200929 	2016010200929 	
2016010100323 	2016010100323 	
2016010300527 	2016010300527 	
2016010300915 	2016010300915 	
2016010300457 	2016010300457 	
2016010300152 	2016010300152 	
2016010300458 	2016010300458 	
2016010300417 	2016010300417 	
2016010300075 	2016010300075 	
2016010300423 	2016010300423 	
2016010100178 	2016010100178 	
2016010300425 	2016010300425 	
2016010300938 	2016010300938 	
2016010300427 	2016010300427 	
2016010100749 	2016010100749 	
2016010200078 	2016010200078 	
2016010100141 	2016010100141 	
2016010300944 	2016010300944 	
2016010100753 	2016010100753 	
2016010100242 	2016010100242 	
2016010200595 	2016010200595 	
2016010300436 	2016010300436 	
2016010200086 	2016010200086 	
2016010100247 	2016010100247 	
2016010200088 	2016010200088 	
2016010300441 	2016010300441 	
2016010100250 	2016010100250 	
2016010100251 	2016010100251 	
2016010100139 	2016010100139 	
2016010300957 	2016010300957 	
2016010200094 	2016010200094 	
2016010300448 	2016010300448 	
2016010300961 	2016010300961 	
2016010300303 	2016010300303 	
2016010300453 	2016010300453 	
2016010100777 	2016010100777 	
2016010300508 	2016010300508 	
2016010100786 	2016010100786 	
2016010200115 	2016010200115 	
2016010300468 	2016010300468 	
2016010300981 	2016010300981 	
2016010300982 	2016010300982 	
2016010100745 	2016010100745 	
2016010300984 	2016010300984 	
2016010300985 	2016010300985 	
2016010100794 	2016010100794 	
2016010200123 	2016010200123 	
2016010300476 	2016010300476 	
2016010300597 	2016010300597 	
2016010300481 	2016010300481 	
2016010200643 	2016010200643 	
2016010300484 	2016010300484 	
2016010300485 	2016010300485 	
2016010300486 	2016010300486 	
2016010300487 	2016010300487 	
2016010100304 	2016010100304 	2016010300753 	
2016010100306 	2016010100306 	
2016010300499 	2016010300499 	
2016010200661 	2016010200661 	
2016010200152 	2016010200152 	
2016010100313 	2016010100313 	
2016010200154 	2016010200154 	
2016010100828 	2016010100828 	
2016010100833 	2016010100833 	
2016010100834 	2016010100834 	
2016010200164 	2016010200164 	
2016010300519 	2016010300519 	
2016010300010 	2016010300010 	
2016010100331 	2016010100331 	
2016010100333 	2016010100333 	
2016010300017 	2016010300017 	
2016010300777 	2016010300777 	
2016010200185 	2016010200185 	
2016010300026 	2016010300026 	
2016010300095 	2016010300095 	
2016010100861 	2016010100857 	2016010100858 	2016010100859 	2016010100860 	2016010100861 	
2016010200549 	2016010200549 	
2016010300545 	2016010300545 	
2016010300548 	2016010300548 	
2016010100357 	2016010100138 	2016010100357 	
2016010100870 	2016010100870 	
2016010200199 	2016010200199 	
2016010300554 	2016010300554 	
2016010200343 	2016010200343 	
2016010200205 	2016010200205 	
2016010300048 	2016010300048 	
2016010100370 	2016010100370 	
2016010300867 	2016010300867 	
2016010200724 	2016010200724 	
2016010300565 	2016010300565 	
2016010300185 	2016010300185 	
2016010200216 	2016010200216 	
2016010200217 	2016010200217 	
2016010100762 	2016010100762 	
2016010300631 	2016010300631 	
2016010200735 	2016010200735 	
2016010100385 	2016010100385 	
2016010200738 	2016010200738 	
2016010100119 	2016010100119 	
2016010100389 	2016010100389 	
2016010100902 	2016010100902 	
2016010100849 	2016010100849 	
2016010200744 	2016010200744 	
2016010100907 	2016010100907 	
2016010100765 	2016010100765 	
2016010100912 	2016010100912 	
2016010100405 	2016010100405 	
2016010300359 	2016010300359 	
2016010300599 	2016010300599 	
2016010100408 	2016010100408 	
2016010100410 	2016010100410 	
2016010300603 	2016010300603 	
2016010100415 	2016010100415 	
2016010100416 	2016010100416 	
2016010300189 	2016010300189 	
2016010300614 	2016010300614 	
2016010200263 	2016010200263 	
2016010100424 	2016010100424 	
2016010200265 	2016010200265 	
2016010100717 	2016010100717 	
2016010300108 	2016010300108 	
2016010100432 	2016010100432 	
2016010300625 	2016010300625 	
2016010300626 	2016010300626 	
2016010300701 	2016010300701 	
2016010300119 	2016010300119 	
2016010100888 	2016010100888 	
2016010100955 	2016010100955 	
2016010300897 	2016010300897 	
2016010300640 	2016010300640 	
2016010300645 	2016010300645 	
2016010300134 	2016010300134 	
2016010300113 	2016010300113 	
2016010300648 	2016010300648 	
2016010100972 	2016010100972 	
2016010300114 	2016010300114 	
2016010300655 	2016010300655 	
2016010100465 	2016010100465 	
2016010300658 	2016010300658 	
2016010300659 	2016010300659 	
2016010300148 	2016010300148 	
2016010100470 	2016010100470 	
2016010200823 	2016010200700 	2016010200823 	
2016010300665 	2016010300665 	
2016010300154 	2016010300154 	
2016010300667 	2016010300667 	
2016010300668 	2016010300668 	
2016010100989 	2016010100989 	
2016010200319 	2016010200319 	
2016010300890 	2016010300890 	
2016010200322 	2016010200322 	
2016010100484 	2016010100484 	
2016010100998 	2016010100998 	
2016010200193 	2016010200193 	
2016010300682 	2016010300682 	
2016010100491 	2016010100491 	
2016010200336 	2016010200336 	
2016010200849 	2016010200849 	
2016010300694 	2016010300694 	
2016010100503 	2016010100503 	
2016010300696 	2016010300696 	
2016010100505 	2016010100505 	
2016010200859 	2016010200859 	
2016010300188 	2016010300188 	
2016010200861 	2016010200861 	
2016010100511 	2016010100511 	
2016010300720 	2016010300720 	
2016010100988 	2016010100988 	
2016010300707 	2016010300707 	
2016010100518 	2016010100518 	
2016010300712 	2016010300712 	
2016010100521 	2016010100521 	
2016010200362 	2016010200362 	
2016010100871 	2016010100871 	
2016010300205 	2016010300205 	
2016010300719 	2016010300719 	
2016010300208 	2016010300208 	
2016010300209 	2016010300209 	
2016010300312 	2016010300312 	
2016010100023 	2016010100023 	
2016010200889 	2016010200889 	
2016010100538 	2016010100538 	
2016010300383 	2016010300383 	
2016010100540 	2016010100540 	
2016010200993 	2016010200993 	
2016010300224 	2016010300224 	
2016010300226 	2016010300226 	
2016010300228 	2016010300228 	2016010300103 	
2016010300449 	2016010300449 	2016010300332 	
2016010300743 	2016010300743 	
2016010100552 	2016010100552 	
2016010200905 	2016010200905 	
2016010100042 	2016010100314 	2016010100042 	
2016010100337 	2016010100337 	
2016010300236 	2016010300236 	
2016010300238 	2016010300238 	
2016010200400 	2016010200400 	
2016010100280 	2016010100280 	
2016010200403 	2016010200403 	
2016010300757 	2016010300757 	
2016010100025 	2016010100025 	
2016010200920 	2016010200920 	
2016010300249 	2016010300249 	
2016010300762 	2016010300762 	
2016010300763 	2016010300763 	
2016010100060 	2016010100060 	
2016010200413 	2016010200413 	
2016010300254 	2016010300254 	
2016010300133 	2016010300133 	
2016010300816 	2016010300816 	
2016010300258 	2016010300258 	
2016010300259 	2016010300259 	
2016010300433 	2016010300433 	
2016010100583 	2016010100583 	
2016010300264 	2016010300264 	
2016010100585 	2016010100585 	
2016010300007 	2016010300007 	
2016010300689 	2016010300689 	
2016010200210 	2016010200210 	
2016010300270 	2016010300270 	
2016010100592 	2016010100592 	
2016010300274 	2016010300274 	
2016010100595 	2016010100595 	
2016010300789 	2016010300789 	
2016010100443 	2016010100443 	
2016010300393 	2016010300393 	
2016010100088 	2016010100088 	
2016010300796 	2016010300796 	
2016010300286 	2016010300286 	
2016010200448 	2016010200448 	
2016010300801 	2016010300801 	
2016010100611 	2016010100611 	
2016010300292 	2016010300292 	
2016010300993 	2016010300993 	
2016010300296 	2016010300296 	
2016010300879 	2016010300879 	
2016010200459 	2016010200459 	
2016010100620 	2016010100620 	
2016010100621 	2016010100621 	
2016010300653 	2016010300653 	
2016010200976 	2016010200976 	
2016010300824 	2016010300824 	
2016010300818 	2016010300818 	
2016010100803 	2016010100803 	
2016010300820 	2016010300820 	
2016010100889 	2016010100889 	
2016010100120 	2016010100120 	
2016010300825 	2016010300825 	
2016010300562 	2016010300562 	
2016010300826 	2016010300826 	
2016010200073 	2016010200073 	
2016010300229 	2016010300229 	2016010300159 	
2016010300833 	2016010300833 	
2016010300834 	2016010300834 	
2016010300835 	2016010300835 	
2016010300836 	2016010300836 	
2016010300838 	2016010300838 	
2016010100651 	2016010100651 	
2016010200818 	2016010200818 	
2016010100381 	2016010100381 	
2016010100657 	2016010100657 	
2016010300851 	2016010300851 	
2016010300341 	2016010300341 	
2016010200502 	2016010200502 	
2016010100665 	2016010100665 	
2016010100554 	2016010100554 	
2016010100671 	2016010100671 	
2016010300402 	2016010300402 	
2016010100043 	2016010100043 	
2016010300577 	2016010300577 	
2016010200008 	2016010200008 	
2016010300873 	2016010300873 	
2016010200029 	2016010200029 	
2016010200922 	2016010200922 	
2016010200015 	2016010200015 	
2016010100688 	2016010100688 	
2016010100129 	2016010100129 	
2016010300882 	2016010300882 	
2016010300371 	2016010300371 	
2016010100185 	2016010100185 	
2016010300378 	2016010300378 	
2016010200027 	2016010200027 	
2016010100700 	2016010100700 	
2016010300666 	2016010300666 	
2016010300382 	2016010300382 	
2016010300895 	2016010300895 	
2016010200544 	2016010200544 	
2016010300385 	2016010300385 	
2016010100706 	2016010100706 	
2016010200827 	2016010200827 	
2016010200230 	2016010200230 	
2016010200550 	2016010200550 	
2016010300392 	2016010300392 	
2016010300905 	2016010300905 	
2016010100714 	2016010100714 	
2016010300395 	2016010300395 	2016010300253 	
2016010100716 	2016010100716 	
2016010100147 	2016010100147 	
2016010300398 	2016010300398 	
2016010100720 	2016010100720 	
2016010300182 	2016010300182 	
2016010300405 	2016010300405 	
2016010300407 	2016010300407 	2016010300476 	
2016010200314 	2016010200314 	
2016010100730 	2016010100730 	
2016010300923 	2016010300923 	
2016010100222 	2016010100222 	
2016010300416 	2016010300416 	
2016010100737 	2016010100737 	
2016010100227 	2016010100227 	
2016010100228 	2016010100228 	
2016010100199 	2016010100199 	
2016010200588 	2016010200588 	
2016010200590 	2016010200590 	
2016010300943 	2016010300943 	
2016010300437 	2016010300437 	
2016010100254 	2016010100254 	
2016010100255 	2016010100255 	
2016010200613 	2016010200613 	
2016010200105 	2016010200105 	
2016010100780 	2016010100780 	
2016010300338 	2016010300338 	
2016010200110 	2016010200110 	
2016010200465 	2016010200465 	
2016010300977 	2016010300977 	
2016010200118 	2016010200118 	
2016010200704 	2016010200704 	
2016010100798 	2016010100798 	
2016010100799 	2016010100799 	
2016010100805 	2016010100805 	
2016010100301 	2016010100301 	
2016010200144 	2016010200144 	
2016010300478 	2016010300478 	
2016010300500 	2016010300500 	
2016010300502 	2016010300502 	
2016010300504 	2016010300504 	
2016010100751 	2016010100751 	
2016010300511 	2016010300511 	
2016010300006 	2016010300006 	
2016010200678 	2016010200678 	
2016010100328 	2016010100328 	
2016010100329 	2016010100329 	
2016010200171 	2016010200171 	
2016010200172 	2016010200172 	
2016010300526 	2016010300526 	
2016010200175 	2016010200175 	
2016010100851 	2016010100851 	
2016010300020 	2016010300020 	
2016010300607 	2016010300607 	
2016010200188 	2016010200188 	
2016010100757 	2016010100757 	
2016010200192 	2016010200192 	
2016010300034 	2016010300034 	
2016010300038 	2016010300038 	
2016010100588 	2016010100586 	2016010100588 	
2016010100366 	2016010100366 	
2016010300561 	2016010300561 	
2016010100882 	2016010100882 	
2016010300566 	2016010300566 	
2016010200730 	2016010200730 	
2016010100335 	2016010100335 	
2016010300101 	2016010300101 	
2016010100896 	2016010100896 	
2016010100897 	2016010100897 	
2016010300585 	2016010300585 	
2016010300587 	2016010300587 	
2016010300077 	2016010300077 	
2016010200276 	2016010200276 	
2016010300593 	2016010300593 	
2016010200754 	2016010200754 	
2016010200947 	2016010200947 	
2016010200756 	2016010200756 	
2016010300446 	2016010300446 	
2016010300601 	2016010300601 	
2016010300959 	2016010300959 	
2016010300093 	2016010300093 	
2016010200767 	2016010200767 	
2016010300096 	2016010300096 	
2016010200770 	2016010200770 	
2016010300107 	2016010300107 	
2016010300613 	2016010300613 	
2016010200267 	2016010200267 	
2016010200268 	2016010200268 	
2016010200272 	2016010200272 	
2016010300605 	2016010300605 	
2016010100946 	2016010100946 	
2016010200788 	2016010200788 	
2016010100441 	2016010100441 	
2016010100444 	2016010100444 	
2016010100959 	2016010100959 	
2016010100960 	2016010100960 	
2016010200955 	2016010200955 	
2016010100070 	2016010100070 	
2016010300136 	2016010300136 	
2016010300652 	2016010300652 	
2016010100326 	2016010100326 	
2016010300774 	2016010300774 	
2016010300145 	2016010300145 	
2016010100473 	2016010100473 	
2016010300670 	2016010300670 	
2016010200833 	2016010200833 	
2016010300678 	2016010300678 	
2016010300679 	2016010300679 	
2016010200328 	2016010200328 	
2016010200842 	2016010200842 	
2016010300375 	2016010300375 	
2016010300684 	2016010300684 	
2016010100497 	2016010100497 	
2016010300691 	2016010300691 	
2016010100504 	2016010100504 	
2016010200350 	2016010200350 	
2016010300703 	2016010300703 	
2016010300193 	2016010300193 	
2016010100614 	2016010100614 	
2016010300198 	2016010300198 	
2016010300431 	2016010300431 	
2016010200361 	2016010200361 	
2016010300213 	2016010300213 	
2016010100499 	2016010100499 	
2016010200382 	2016010200382 	
2016010300736 	2016010300736 	
2016010100547 	2016010100547 	
2016010200389 	2016010200389 	
2016010300200 	2016010300200 	
2016010200033 	2016010200033 	
2016010300746 	2016010300746 	
2016010100261 	2016010100261 	
2016010300755 	2016010300755 	
2016010300244 	2016010300244 	
2016010100878 	2016010100878 	
2016010300518 	2016010300518 	
2016010100577 	2016010100577 	
2016010200418 	2016010200418 	
2016010300772 	2016010300772 	
2016010100581 	2016010100581 	
2016010200934 	2016010200934 	
2016010100369 	2016010100369 	
2016010200939 	2016010200939 	
2016010300268 	2016010300268 	
2016010200942 	2016010200942 	
2016010200435 	2016010200435 	
2016010100597 	2016010100597 	
2016010300792 	2016010300792 	
2016010100090 	2016010100090 	2016010100156 	
2016010100091 	2016010100091 	
2016010100093 	2016010100093 	
2016010100102 	2016010100102 	
2016010300140 	2016010300140 	
2016010100618 	2016010100618 	
2016010200972 	2016010200972 	
2016010100973 	2016010100973 	
2016010300817 	2016010300817 	
2016010100118 	2016010100118 	
2016010200471 	2016010200471 	
2016010100635 	2016010100635 	2016010100348 	
2016010300828 	2016010300828 	
2016010100125 	2016010100125 	
2016010100037 	2016010100037 	
2016010200561 	2016010200561 	
2016010200488 	2016010200488 	
2016010300843 	2016010300843 	
2016010100652 	2016010100652 	
2016010300849 	2016010300849 	
2016010200498 	2016010200498 	
2016010300856 	2016010300856 	
2016010300857 	2016010300857 	
2016010100725 	2016010100725 	
2016010300348 	2016010200520 	2016010300348 	
2016010300351 	2016010300351 	
2016010200002 	2016010200002 	
2016010200003 	2016010200003 	
2016010200004 	2016010200004 	
2016010200274 	2016010200274 	
2016010100169 	2016010100169 	
2016010100682 	2016010100682 	
2016010300364 	2016010300364 	
2016010300366 	2016010300366 	
2016010300368 	2016010300368 	
2016010100690 	2016010100690 	
2016010100179 	2016010100179 	
2016010300372 	2016010300372 	
2016010100695 	2016010100695 	
2016010200536 	2016010200536 	
2016010100697 	2016010100697 	
2016010200538 	2016010200538 	
2016010100189 	2016010100189 	
2016010100193 	2016010100193 	
2016010200957 	2016010200957 	
2016010200558 	2016010200558 	
2016010300401 	2016010300401 	
2016010200318 	2016010200318 	
2016010300408 	2016010300408 	2016010300343 	
2016010100217 	2016010100217 	
2016010100731 	2016010100731 	
2016010300413 	2016010300413 	
2016010200574 	2016010200574 	
2016010300802 	2016010300802 	
2016010200835 	2016010200835 	
2016010100869 	2016010100869 	
2016010300934 	2016010300934 	
2016010300807 	2016010300807 	
2016010100587 	2016010100587 	
2016010300044 	2016010300044 	
2016010300813 	2016010300813 	
2016010100779 	2016010100779 	
2016010100367 	2016010100367 	
2016010100625 	2016010100625 	
2016010300435 	2016010300435 	
2016010100886 	2016010100886 	
2016010100759 	2016010100759 	
2016010300952 	2016010300952 	
2016010100761 	2016010100761 	
2016010300442 	2016010300442 	2016010300309 	
2016010100591 	2016010100591 	
2016010100767 	2016010100767 	
2016010300320 	2016010300320 	
2016010300450 	2016010300450 	
2016010100601 	2016010100600 	2016010100601 	
2016010300709 	2016010300709 	
2016010100778 	2016010100778 	
2016010100615 	2016010100615 	
2016010300334 	2016010300334 	
2016010100911 	2016010100911 	
2016010100017 	2016010100017 	
2016010300722 	2016010300722 	
2016010200223 	2016010200223 	
2016010300092 	2016010300092 	
2016010200893 	2016010200893 	
2016010300768 	2016010300768 	
2016010300356 	2016010300356 	
2016010300741 	2016010300741 	
2016010100705 	2016010100704 	2016010100705 	
2016010300874 	2016010300874 	
2016010100045 	2016010100045 	
2016010100559 	2016010100559 	
2016010200057 	2016010200057 	
2016010200138 	2016010200138 	
2016010300537 	2016010300537 	
2016010200607 	2016010200607 	
2016010300761 	2016010300761 	
2016010100698 	2016010100698 	
2016010300635 	2016010300635 	
2016010300380 	2016010300380 	
2016010200541 	2016010200541 	
2016010300126 	2016010300126 	
2016010200415 	2016010200415 	
2016010100832 	2016010100832 	
2016010300129 	2016010300129 	
2016010300899 	2016010300899 	
2016010300953 	2016010300953 	
2016010100709 	2016010100709 	
2016010300904 	2016010300904 	
2016010300521 	2016010300521 	
2016010300139 	2016010300139 	
2016010300908 	2016010300908 	
2016010300239 	2016010300239 	
2016010200303 	2016010200303 	
2016010300557 	2016010300557 	
2016010100593 	2016010100593 	
2016010100957 	2016010100957 	
2016010300165 	2016010300165 	
2016010300149 	2016010300149 	
2016010100598 	2016010100598 	
2016010100855 	2016010100855 	
2016010300861 	2016010300861 	
2016010200297 	2016010200297 	
2016010100676 	2016010100676 	
2016010100650 	2016010100650 	
2016010300031 	2016010300031 	
2016010100736 	2016010100736 	
2016010100738 	2016010100738 	
2016010100746 	2016010100746 	
2016010100747 	2016010100747 	
2016010100750 	2016010100750 	
2016010100752 	2016010100752 	
2016010100755 	2016010100755 	
2016010100758 	2016010100758 	
2016010100760 	2016010100760 	
2016010100763 	2016010100763 	
2016010100766 	2016010100766 	
2016010100768 	2016010100768 	
2016010100769 	2016010100769 	
2016010100771 	2016010100771 	
2016010100772 	2016010100772 	
2016010100775 	2016010100775 	
2016010100776 	2016010100776 	
2016010100781 	2016010100781 	
2016010100782 	2016010100782 	
2016010100783 	2016010100783 	
2016010100785 	2016010100785 	
2016010100787 	2016010100787 	
2016010100788 	2016010100788 	
2016010100789 	2016010100789 	
2016010100793 	2016010100793 	
2016010100797 	2016010100797 	
2016010100804 	2016010100804 	
2016010100806 	2016010100806 	
2016010100807 	2016010100807 	
2016010100808 	2016010100808 	
2016010100814 	2016010100814 	
2016010100815 	2016010100815 	
2016010100816 	2016010100816 	
2016010100817 	2016010100817 	
2016010100823 	2016010100823 	
2016010100824 	2016010100824 	
2016010100825 	2016010100825 	
2016010100826 	2016010100826 	
2016010100827 	2016010100827 	
2016010100830 	2016010100830 	
2016010100831 	2016010100831 	
2016010100835 	2016010100835 	
2016010100837 	2016010100837 	
2016010100838 	2016010100838 	
2016010100840 	2016010100840 	
2016010100842 	2016010100842 	
2016010100843 	2016010100843 	
2016010100848 	2016010100848 	
2016010100852 	2016010100852 	
2016010100866 	2016010100864 	2016010100865 	2016010100866 	2016010100863 	
2016010100867 	2016010100867 	
2016010100868 	2016010100868 	
2016010100874 	2016010100874 	
2016010100875 	2016010100875 	
2016010100876 	2016010100876 	
2016010100877 	2016010100877 	
2016010100879 	2016010100879 	
2016010100881 	2016010100881 	
2016010100884 	2016010100884 	
2016010100885 	2016010100885 	
2016010100887 	2016010100887 	
2016010100890 	2016010100890 	
2016010100891 	2016010100891 	
2016010100892 	2016010100892 	
2016010100893 	2016010100893 	
2016010100894 	2016010100894 	
2016010100895 	2016010100895 	
2016010100898 	2016010100898 	
2016010100899 	2016010100899 	
2016010100900 	2016010100900 	
2016010100901 	2016010100901 	
2016010100903 	2016010100903 	
2016010100904 	2016010100904 	
2016010100905 	2016010100905 	
2016010100906 	2016010100906 	
2016010100908 	2016010100908 	
2016010100909 	2016010100909 	
2016010100913 	2016010100913 	
2016010100915 	2016010100915 	
2016010100916 	2016010100916 	
2016010100917 	2016010100917 	
2016010100918 	2016010100918 	
2016010100919 	2016010100919 	
2016010100920 	2016010100920 	
2016010100921 	2016010100921 	
2016010100922 	2016010100922 	
2016010100924 	2016010100924 	
2016010100925 	2016010100925 	
2016010100926 	2016010100926 	
2016010100927 	2016010100927 	
2016010100928 	2016010100928 	
2016010100929 	2016010100929 	
2016010100930 	2016010100930 	
2016010100931 	2016010100931 	
2016010100933 	2016010100933 	
2016010100934 	2016010100934 	
2016010100935 	2016010100935 	
2016010100936 	2016010100936 	
2016010100940 	2016010100940 	
2016010100942 	2016010100942 	
2016010100943 	2016010100943 	
2016010100944 	2016010100944 	
2016010100945 	2016010100945 	
2016010100947 	2016010100947 	
2016010100951 	2016010100951 	
2016010100952 	2016010100952 	
2016010100953 	2016010100953 	
2016010100954 	2016010100954 	
2016010100956 	2016010100956 	
2016010100958 	2016010100958 	
2016010100961 	2016010100961 	
2016010100963 	2016010100963 	
2016010100964 	2016010100964 	
2016010100965 	2016010100965 	
2016010100967 	2016010100967 	
2016010100968 	2016010100968 	
2016010100969 	2016010100969 	
2016010100971 	2016010100971 	
2016010100974 	2016010100974 	
2016010100976 	2016010100976 	
2016010100977 	2016010100977 	
2016010100978 	2016010100978 	
2016010100980 	2016010100980 	
2016010100981 	2016010100981 	
2016010100983 	2016010100983 	
2016010100984 	2016010100984 	
2016010100987 	2016010100987 	
2016010100990 	2016010100990 	
2016010100991 	2016010100991 	
2016010100992 	2016010100992 	
2016010100993 	2016010100993 	
2016010100994 	2016010100994 	
2016010100995 	2016010100995 	
2016010100996 	2016010100996 	
2016010200001 	2016010200001 	
2016010200005 	2016010200005 	
2016010200006 	2016010200006 	
2016010200007 	2016010200007 	
2016010200009 	2016010200009 	
2016010200011 	2016010200011 	
2016010200013 	2016010200013 	
2016010200016 	2016010200016 	
2016010200018 	2016010200018 	
2016010200021 	2016010200021 	
2016010200022 	2016010200022 	
2016010200023 	2016010200023 	
2016010200024 	2016010200024 	
2016010200028 	2016010200028 	
2016010200030 	2016010200030 	
2016010200031 	2016010200031 	
2016010200032 	2016010200032 	
2016010200034 	2016010200034 	
2016010200035 	2016010200035 	
2016010200039 	2016010200039 	
2016010200040 	2016010200040 	
2016010200041 	2016010200041 	
2016010200043 	2016010200043 	
2016010200044 	2016010200044 	
2016010200046 	2016010200046 	
2016010200047 	2016010200047 	
2016010200049 	2016010200049 	
2016010200050 	2016010200050 	
2016010200052 	2016010200052 	
2016010200053 	2016010200053 	
2016010200054 	2016010200054 	
2016010200056 	2016010200056 	
2016010200058 	2016010200058 	
2016010200059 	2016010200059 	
2016010200061 	2016010200061 	
2016010200062 	2016010200062 	
2016010200063 	2016010200063 	
2016010200065 	2016010200065 	
2016010200066 	2016010200066 	
2016010200067 	2016010200067 	
2016010200068 	2016010200068 	
2016010200069 	2016010200069 	
2016010200070 	2016010200070 	
2016010200072 	2016010200072 	
2016010200074 	2016010200074 	
2016010200075 	2016010200075 	
2016010200076 	2016010200076 	
2016010200077 	2016010200077 	
2016010200080 	2016010200080 	
2016010200082 	2016010200082 	
2016010200084 	2016010200084 	
2016010200085 	2016010200085 	
2016010200089 	2016010200089 	
2016010200090 	2016010200090 	
2016010200091 	2016010200091 	
2016010200092 	2016010200081 	2016010200092 	
2016010200095 	2016010200095 	
2016010200097 	2016010200097 	
2016010200098 	2016010200098 	
2016010200099 	2016010200096 	2016010200099 	
2016010200101 	2016010200101 	
2016010200102 	2016010200102 	
2016010200104 	2016010200104 	
2016010200106 	2016010200106 	
2016010200107 	2016010200107 	
2016010200108 	2016010200108 	
2016010200109 	2016010200109 	
2016010200112 	2016010200112 	
2016010200113 	2016010200113 	
2016010200114 	2016010200114 	
2016010200117 	2016010200117 	
2016010200119 	2016010200119 	
2016010200120 	2016010200120 	
2016010200121 	2016010200121 	
2016010200125 	2016010200125 	
2016010200127 	2016010200127 	
2016010200130 	2016010200130 	
2016010200131 	2016010200131 	
2016010200132 	2016010200132 	
2016010200133 	2016010200133 	
2016010200134 	2016010200134 	
2016010200135 	2016010200135 	
2016010200136 	2016010200136 	
2016010200137 	2016010200137 	
2016010200139 	2016010200139 	
2016010200140 	2016010200140 	
2016010200141 	2016010200141 	
2016010200145 	2016010200145 	
2016010200146 	2016010200146 	
2016010200149 	2016010200149 	
2016010200151 	2016010200151 	
2016010200153 	2016010200153 	
2016010200156 	2016010200156 	
2016010200157 	2016010200157 	
2016010200158 	2016010200158 	
2016010200159 	2016010200159 	
2016010200160 	2016010200160 	
2016010200161 	2016010200161 	
2016010200168 	2016010200168 	
2016010200170 	2016010200170 	
2016010200173 	2016010200173 	
2016010200176 	2016010200176 	
2016010200180 	2016010200180 	
2016010200181 	2016010200181 	
2016010200182 	2016010200182 	
2016010200184 	2016010200184 	
2016010200187 	2016010200187 	
2016010200190 	2016010200190 	
2016010200195 	2016010200195 	
2016010200197 	2016010200197 	
2016010200198 	2016010200198 	
2016010200200 	2016010200200 	
2016010200201 	2016010200201 	
2016010200202 	2016010200202 	
2016010200208 	2016010200208 	
2016010200209 	2016010200209 	
2016010200211 	2016010200211 	
2016010200213 	2016010200213 	
2016010200214 	2016010200214 	
2016010200215 	2016010200215 	
2016010200218 	2016010200218 	
2016010200219 	2016010200219 	
2016010200220 	2016010200220 	
2016010200221 	2016010200221 	
2016010200222 	2016010200222 	
2016010200224 	2016010200224 	
2016010200225 	2016010200225 	
2016010200226 	2016010200226 	
2016010200227 	2016010200227 	
2016010200228 	2016010200228 	
2016010200229 	2016010200229 	
2016010200234 	2016010200234 	
2016010200235 	2016010200235 	
2016010200236 	2016010200236 	
2016010200237 	2016010200237 	
2016010200238 	2016010200238 	
2016010200239 	2016010200239 	
2016010200241 	2016010200241 	
2016010200242 	2016010200242 	
2016010200243 	2016010200243 	
2016010200244 	2016010200244 	
2016010200245 	2016010200245 	
2016010200249 	2016010200249 	
2016010200250 	2016010200250 	
2016010200252 	2016010200252 	
2016010200254 	2016010200254 	
2016010200257 	2016010200257 	
2016010200258 	2016010200258 	
2016010200259 	2016010200259 	
2016010200260 	2016010200260 	
2016010200262 	2016010200262 	
2016010200264 	2016010200264 	
2016010200266 	2016010200266 	
2016010200269 	2016010200269 	
2016010200273 	2016010200273 	
2016010200275 	2016010200275 	
2016010200277 	2016010200277 	
2016010200278 	2016010200278 	
2016010200279 	2016010200279 	
2016010200280 	2016010200280 	
2016010200281 	2016010200281 	
2016010200282 	2016010200282 	
2016010200283 	2016010200283 	
2016010200284 	2016010200284 	
2016010200285 	2016010200285 	
2016010200286 	2016010200286 	
2016010200287 	2016010200287 	
2016010200288 	2016010200288 	
2016010200289 	2016010200289 	
2016010200291 	2016010200291 	
2016010200293 	2016010200293 	
2016010200294 	2016010200294 	
2016010200295 	2016010200880 	2016010200938 	2016010200295 	
2016010200296 	2016010200296 	
2016010200298 	2016010200298 	
2016010200299 	2016010200299 	
2016010200300 	2016010200300 	
2016010200304 	2016010200304 	
2016010200305 	2016010200305 	
2016010200306 	2016010200306 	
2016010200307 	2016010200307 	
2016010200308 	2016010200308 	
2016010200309 	2016010200309 	
2016010200311 	2016010200311 	
2016010200312 	2016010200312 	
2016010200313 	2016010200313 	
2016010200315 	2016010200315 	
2016010200320 	2016010200320 	
2016010200323 	2016010200323 	
2016010200324 	2016010200324 	
2016010200325 	2016010200325 	
2016010200326 	2016010200326 	
2016010200330 	2016010200330 	
2016010200331 	2016010200331 	
2016010200332 	2016010200332 	
2016010200333 	2016010200333 	
2016010200334 	2016010200334 	
2016010200338 	2016010200338 	
2016010200339 	2016010200339 	
2016010200340 	2016010200340 	
2016010200341 	2016010200341 	
2016010200342 	2016010200342 	
2016010200344 	2016010200344 	
2016010200345 	2016010200345 	
2016010200347 	2016010200347 	
2016010200348 	2016010200348 	
2016010200349 	2016010200349 	
2016010200351 	2016010200351 	
2016010200352 	2016010200352 	
2016010200353 	2016010200353 	
2016010200355 	2016010200355 	
2016010200358 	2016010200358 	
2016010200359 	2016010200359 	
2016010200360 	2016010200360 	
2016010200363 	2016010200363 	
2016010200364 	2016010200364 	2016010200414 	
2016010200365 	2016010200365 	
2016010200366 	2016010200366 	
2016010200367 	2016010200367 	
2016010200369 	2016010200369 	
2016010200371 	2016010200371 	
2016010200372 	2016010200372 	
2016010200374 	2016010200374 	
2016010200375 	2016010200375 	
2016010200377 	2016010200377 	
2016010200379 	2016010200379 	
2016010200381 	2016010200381 	
2016010200383 	2016010200383 	
2016010200384 	2016010200384 	
2016010200385 	2016010200385 	
2016010200386 	2016010200386 	
2016010200387 	2016010200387 	
2016010200388 	2016010200388 	
2016010200390 	2016010200390 	
2016010200391 	2016010200391 	
2016010200392 	2016010200392 	
2016010200394 	2016010200394 	
2016010200396 	2016010200396 	
2016010200397 	2016010200397 	
2016010200398 	2016010200398 	
2016010200399 	2016010200399 	
2016010200401 	2016010200401 	
2016010200402 	2016010200402 	
2016010200404 	2016010200404 	
2016010200405 	2016010200405 	
2016010200407 	2016010200407 	
2016010200408 	2016010200408 	
2016010200412 	2016010200412 	
2016010200416 	2016010200416 	
2016010200417 	2016010200417 	
2016010200419 	2016010200419 	
2016010200420 	2016010200420 	
2016010200422 	2016010200422 	
2016010200424 	2016010200424 	
2016010200425 	2016010200425 	
2016010200426 	2016010200426 	
2016010200428 	2016010200428 	
2016010200429 	2016010200429 	
2016010200431 	2016010200431 	
2016010200432 	2016010200432 	2016010200430 	
2016010200434 	2016010200434 	
2016010200436 	2016010200436 	
2016010200437 	2016010200437 	
2016010200438 	2016010200438 	
2016010200439 	2016010200439 	
2016010200440 	2016010200440 	
2016010200442 	2016010200442 	
2016010200443 	2016010200443 	
2016010200444 	2016010200444 	
2016010200445 	2016010200445 	
2016010200447 	2016010200447 	
2016010200450 	2016010200450 	
2016010200451 	2016010200451 	
2016010200452 	2016010200452 	
2016010200453 	2016010200453 	
2016010200454 	2016010200454 	
2016010200457 	2016010200457 	
2016010200458 	2016010200458 	
2016010200461 	2016010200461 	
2016010200463 	2016010200463 	
2016010200464 	2016010200464 	
2016010200467 	2016010200467 	2016010200317 	
2016010200468 	2016010200468 	
2016010200469 	2016010200469 	
2016010200470 	2016010200470 	
2016010200472 	2016010200472 	
2016010200473 	2016010200473 	
2016010200474 	2016010200474 	
2016010200475 	2016010200475 	
2016010200476 	2016010200476 	
2016010200478 	2016010200478 	
2016010200480 	2016010200480 	
2016010200481 	2016010200481 	
2016010200482 	2016010200482 	
2016010200484 	2016010200484 	
2016010200486 	2016010200486 	
2016010200487 	2016010200487 	
2016010200490 	2016010200490 	
2016010200492 	2016010200492 	
2016010200493 	2016010200493 	
2016010200494 	2016010200494 	
2016010200495 	2016010200495 	
2016010200496 	2016010200496 	
2016010200497 	2016010200497 	
2016010200499 	2016010200499 	
2016010200500 	2016010200500 	
2016010200501 	2016010200501 	
2016010200505 	2016010200505 	
2016010200506 	2016010200506 	
2016010200507 	2016010200507 	
2016010200508 	2016010200508 	
2016010200509 	2016010200509 	
2016010200510 	2016010200510 	
2016010200512 	2016010200512 	
2016010200513 	2016010200513 	
2016010200517 	2016010200517 	2016010100430 	
2016010200518 	2016010200518 	
2016010200523 	2016010200523 	
2016010200526 	2016010200526 	
2016010200527 	2016010200527 	
2016010200528 	2016010200528 	
2016010200530 	2016010200530 	
2016010200531 	2016010200531 	
2016010200532 	2016010200532 	
2016010200534 	2016010200534 	
2016010200537 	2016010200537 	2016010200587 	
2016010200539 	2016010200539 	
2016010200540 	2016010200540 	
2016010200542 	2016010200542 	
2016010200543 	2016010200543 	
2016010200545 	2016010200545 	
2016010200547 	2016010200547 	
2016010200548 	2016010200548 	
2016010200551 	2016010200551 	
2016010200554 	2016010200554 	
2016010200556 	2016010200556 	
2016010200557 	2016010200557 	
2016010200559 	2016010200559 	
2016010200560 	2016010200560 	
2016010200562 	2016010200562 	
2016010200565 	2016010200565 	
2016010200566 	2016010200566 	
2016010200567 	2016010200567 	
2016010200568 	2016010200568 	
2016010200569 	2016010200569 	
2016010200570 	2016010200570 	
2016010200571 	2016010200571 	
2016010200572 	2016010200572 	
2016010200576 	2016010200576 	
2016010200577 	2016010200577 	
2016010200578 	2016010200578 	
2016010200579 	2016010200579 	
2016010200580 	2016010200580 	
2016010200581 	2016010200581 	
2016010200582 	2016010200582 	
2016010200583 	2016010200583 	
2016010200584 	2016010200584 	
2016010200589 	2016010200589 	2016010200535 	
2016010200591 	2016010200591 	
2016010200593 	2016010200593 	
2016010200596 	2016010200596 	
2016010200598 	2016010200598 	
2016010200599 	2016010200599 	
2016010200600 	2016010200600 	
2016010200603 	2016010200603 	
2016010200604 	2016010200604 	
2016010200608 	2016010200608 	
2016010200610 	2016010200610 	
2016010200612 	2016010200612 	
2016010200615 	2016010200615 	
2016010200616 	2016010200616 	
2016010200617 	2016010200617 	
2016010200618 	2016010200618 	
2016010200619 	2016010200619 	
2016010200620 	2016010200620 	
2016010200621 	2016010200621 	
2016010200623 	2016010200623 	
2016010200624 	2016010200624 	
2016010200626 	2016010200626 	
2016010200627 	2016010200627 	
2016010200628 	2016010200628 	
2016010200629 	2016010200629 	
2016010200631 	2016010200631 	
2016010200632 	2016010200632 	
2016010200634 	2016010200634 	
2016010200635 	2016010200635 	
2016010200636 	2016010200636 	
2016010200638 	2016010200638 	
2016010200639 	2016010200639 	
2016010200640 	2016010200640 	
2016010200641 	2016010200641 	
2016010200645 	2016010200645 	
2016010200646 	2016010200646 	
2016010200647 	2016010200647 	
2016010200649 	2016010200649 	
2016010200650 	2016010200650 	
2016010200651 	2016010200651 	
2016010200653 	2016010200653 	
2016010200654 	2016010200654 	
2016010200655 	2016010200655 	
2016010200656 	2016010200656 	
2016010200657 	2016010200657 	2016010200586 	
2016010200658 	2016010200658 	
2016010200659 	2016010200659 	
2016010200660 	2016010200660 	
2016010200662 	2016010200662 	
2016010200663 	2016010200663 	
2016010200664 	2016010200664 	
2016010200667 	2016010200667 	
2016010200668 	2016010200668 	
2016010200670 	2016010200670 	
2016010200672 	2016010200672 	
2016010200675 	2016010200675 	
2016010200676 	2016010200676 	
2016010200679 	2016010200679 	
2016010200680 	2016010200680 	
2016010200681 	2016010200681 	
2016010200683 	2016010200683 	
2016010200684 	2016010200684 	
2016010200685 	2016010200685 	
2016010200686 	2016010200686 	
2016010200687 	2016010200633 	2016010200687 	
2016010200688 	2016010200688 	
2016010200689 	2016010200689 	
2016010200691 	2016010200691 	
2016010200692 	2016010200692 	
2016010200693 	2016010200693 	
2016010200694 	2016010200694 	
2016010200695 	2016010200695 	
2016010200696 	2016010200696 	
2016010200697 	2016010200697 	
2016010200698 	2016010200698 	
2016010200699 	2016010200699 	
2016010200702 	2016010200702 	
2016010200703 	2016010200703 	
2016010200706 	2016010200706 	
2016010200707 	2016010200707 	
2016010200709 	2016010200709 	
2016010200712 	2016010200712 	
2016010200713 	2016010200713 	
2016010200714 	2016010200714 	
2016010200715 	2016010200715 	
2016010200716 	2016010200716 	
2016010200717 	2016010200717 	
2016010200719 	2016010200719 	
2016010200720 	2016010200720 	
2016010200721 	2016010200721 	
2016010200722 	2016010200722 	
2016010200726 	2016010200726 	
2016010200727 	2016010200727 	
2016010200728 	2016010200728 	
2016010200729 	2016010200729 	2016010200771 	
2016010200731 	2016010200731 	
2016010200732 	2016010200732 	
2016010200734 	2016010200734 	
2016010200736 	2016010200736 	
2016010200737 	2016010200737 	
2016010200740 	2016010200740 	
2016010200741 	2016010200741 	
2016010200743 	2016010200743 	
2016010200747 	2016010200747 	
2016010200748 	2016010200748 	
2016010200749 	2016010200749 	
2016010200750 	2016010200750 	
2016010200751 	2016010200751 	
2016010200752 	2016010200752 	
2016010200753 	2016010200753 	
2016010200755 	2016010200755 	
2016010200759 	2016010200759 	
2016010200763 	2016010200763 	
2016010200764 	2016010200764 	
2016010200765 	2016010200765 	
2016010200766 	2016010200766 	
2016010200768 	2016010200768 	
2016010200773 	2016010200773 	
2016010200774 	2016010200774 	
2016010200775 	2016010200775 	
2016010200778 	2016010200778 	
2016010200779 	2016010200779 	
2016010200781 	2016010200781 	
2016010200782 	2016010200782 	
2016010200786 	2016010200786 	
2016010200787 	2016010200787 	
2016010200790 	2016010200790 	
2016010200791 	2016010200791 	
2016010200793 	2016010200793 	
2016010200795 	2016010200795 	
2016010200796 	2016010200796 	
2016010200798 	2016010200798 	
2016010200802 	2016010200802 	
2016010200803 	2016010200803 	
2016010200804 	2016010200804 	
2016010200805 	2016010200805 	
2016010200808 	2016010200808 	
2016010200809 	2016010200809 	
2016010200810 	2016010200810 	
2016010200811 	2016010200811 	
2016010200812 	2016010200812 	
2016010200813 	2016010200813 	
2016010200814 	2016010200814 	
2016010200815 	2016010200815 	
2016010200816 	2016010200816 	
2016010200817 	2016010200817 	
2016010200819 	2016010200819 	
2016010200821 	2016010200821 	
2016010200822 	2016010200822 	
2016010200824 	2016010200824 	
2016010200825 	2016010200825 	
2016010200828 	2016010200828 	
2016010200832 	2016010200832 	2016010200783 	
2016010200837 	2016010200837 	
2016010200838 	2016010200838 	
2016010200841 	2016010200841 	
2016010200843 	2016010200843 	
2016010200844 	2016010200844 	
2016010200845 	2016010200845 	
2016010200846 	2016010200846 	
2016010200847 	2016010200847 	
2016010200848 	2016010200848 	
2016010200850 	2016010200850 	
2016010200852 	2016010200851 	2016010200852 	
2016010200853 	2016010200853 	
2016010200854 	2016010200854 	
2016010200855 	2016010200855 	
2016010200856 	2016010200856 	
2016010200857 	2016010200857 	
2016010200858 	2016010200858 	
2016010200860 	2016010200860 	
2016010200862 	2016010200862 	
2016010200863 	2016010200863 	
2016010200864 	2016010200864 	
2016010200865 	2016010200865 	
2016010200867 	2016010200867 	
2016010200868 	2016010200868 	
2016010200869 	2016010200869 	
2016010200870 	2016010200870 	
2016010200871 	2016010200871 	
2016010200872 	2016010200872 	
2016010200873 	2016010200873 	
2016010200874 	2016010200874 	
2016010200875 	2016010200875 	
2016010200877 	2016010200877 	
2016010200879 	2016010200879 	
2016010200881 	2016010200881 	
2016010200882 	2016010200882 	
2016010200884 	2016010200883 	2016010200884 	
2016010200885 	2016010200769 	2016010200885 	
2016010200886 	2016010200886 	
2016010200887 	2016010200887 	
2016010200888 	2016010200888 	2016010200780 	
2016010200890 	2016010200890 	
2016010200891 	2016010200891 	
2016010200894 	2016010200894 	
2016010200895 	2016010200895 	
2016010200896 	2016010200896 	
2016010200897 	2016010200897 	
2016010200898 	2016010200898 	
2016010200899 	2016010200899 	
2016010200902 	2016010200902 	
2016010200904 	2016010200904 	
2016010200906 	2016010200906 	
2016010200907 	2016010200907 	
2016010200908 	2016010200908 	
2016010200909 	2016010200909 	
2016010200910 	2016010200910 	
2016010200912 	2016010200912 	
2016010200913 	2016010200913 	
2016010200914 	2016010200914 	
2016010200916 	2016010200916 	
2016010200917 	2016010200917 	
2016010200918 	2016010200918 	
2016010200919 	2016010200919 	
2016010200921 	2016010200921 	
2016010200923 	2016010200923 	
2016010200924 	2016010200924 	
2016010200925 	2016010200925 	
2016010200926 	2016010200926 	
2016010200927 	2016010200927 	
2016010200928 	2016010200928 	
2016010200931 	2016010200931 	
2016010200933 	2016010200933 	
2016010200935 	2016010200935 	
2016010200936 	2016010200936 	
2016010200940 	2016010200940 	
2016010200941 	2016010200941 	
2016010200944 	2016010200944 	
2016010200945 	2016010200945 	
2016010200946 	2016010200946 	
2016010200948 	2016010200948 	
2016010200949 	2016010200949 	
2016010200950 	2016010200950 	
2016010200951 	2016010200951 	
2016010200952 	2016010200952 	
2016010200953 	2016010200953 	
2016010200959 	2016010200959 	
2016010200960 	2016010200960 	
2016010200962 	2016010200962 	
2016010200963 	2016010200963 	
2016010200964 	2016010200964 	
2016010200965 	2016010200965 	
2016010200968 	2016010200968 	
2016010200969 	2016010200969 	
2016010200970 	2016010200970 	
2016010200973 	2016010200973 	
2016010200974 	2016010200974 	
2016010200975 	2016010200975 	
2016010200977 	2016010200977 	
2016010200978 	2016010200178 	2016010200978 	2016010100020 	2016010100151 	2016010200376 	2016010100382 	
2016010200979 	2016010200979 	
2016010200980 	2016010200980 	
2016010200981 	2016010200981 	
2016010200982 	2016010200982 	
2016010200984 	2016010200984 	
2016010200985 	2016010200985 	
2016010200987 	2016010200987 	
2016010200988 	2016010200988 	
2016010200989 	2016010200989 	
2016010200990 	2016010200990 	
2016010200992 	2016010200992 	
2016010200994 	2016010200994 	
2016010200995 	2016010200995 	
2016010200996 	2016010200996 	
2016010200997 	2016010200997 	
2016010200998 	2016010200998 	
2016010300001 	2016010300001 	
2016010300003 	2016010300003 	
2016010300004 	2016010300004 	
2016010300005 	2016010300005 	
2016010300011 	2016010300011 	
2016010300013 	2016010300013 	
2016010300014 	2016010300014 	
2016010300016 	2016010300016 	
2016010300019 	2016010300019 	
2016010300022 	2016010300022 	
2016010300024 	2016010300024 	
2016010300025 	2016010300025 	
2016010300027 	2016010300027 	
2016010300030 	2016010300030 	
2016010300033 	2016010300033 	
2016010300037 	2016010300037 	
2016010300039 	2016010300039 	
2016010300043 	2016010300043 	
2016010300047 	2016010300047 	
2016010300049 	2016010300049 	
2016010300051 	2016010300051 	
2016010300052 	2016010300052 	
2016010300053 	2016010300053 	
2016010300057 	2016010300057 	
2016010300059 	2016010300059 	
2016010300062 	2016010300062 	
2016010300064 	2016010300064 	
2016010300067 	2016010300067 	
2016010300069 	2016010300069 	
2016010300070 	2016010300070 	
2016010300072 	2016010300072 	
2016010300073 	2016010300073 	
2016010300074 	2016010300074 	
2016010300076 	2016010300076 	
2016010300078 	2016010300078 	
2016010300079 	2016010300079 	
2016010300080 	2016010300080 	
2016010300081 	2016010300081 	
2016010300084 	2016010300084 	
2016010300085 	2016010300085 	
2016010300087 	2016010300087 	
2016010300088 	2016010300088 	
2016010300089 	2016010300089 	
2016010300090 	2016010300090 	
2016010300091 	2016010300091 	
2016010300094 	2016010300094 	
2016010300099 	2016010300099 	
2016010300100 	2016010300100 	
2016010300102 	2016010300102 	
2016010300110 	2016010300110 	
2016010300111 	2016010300111 	
2016010300112 	2016010300112 	
2016010300116 	2016010300116 	
2016010300118 	2016010300118 	
2016010300120 	2016010300120 	
2016010300121 	2016010300121 	
2016010300124 	2016010300124 	
2016010300128 	2016010300128 	
2016010300130 	2016010300130 	
2016010300131 	2016010300131 	2016010300071 	
2016010300135 	2016010300135 	
2016010300142 	2016010300142 	
2016010300144 	2016010300144 	
2016010300146 	2016010300146 	
2016010300150 	2016010300150 	
2016010300151 	2016010300151 	
2016010300155 	2016010300155 	
2016010300156 	2016010300156 	
2016010300160 	2016010300160 	
2016010300162 	2016010300162 	
2016010300164 	2016010300164 	
2016010300167 	2016010300167 	
2016010300170 	2016010300170 	
2016010300171 	2016010300171 	
2016010300172 	2016010300172 	
2016010300173 	2016010300173 	
2016010300174 	2016010300174 	
2016010300175 	2016010300175 	
2016010300176 	2016010300176 	
2016010300178 	2016010300178 	
2016010300180 	2016010300180 	
2016010300186 	2016010300186 	
2016010300187 	2016010300187 	
2016010300190 	2016010300190 	
2016010300192 	2016010300192 	
2016010300195 	2016010300195 	
2016010300196 	2016010300196 	
2016010300201 	2016010300201 	
2016010300204 	2016010300204 	
2016010300206 	2016010300206 	
2016010300207 	2016010300207 	
2016010300212 	2016010300212 	
2016010300215 	2016010300215 	
2016010300216 	2016010300216 	
2016010300221 	2016010300221 	
2016010300222 	2016010300222 	
2016010300223 	2016010300223 	
2016010300225 	2016010300225 	
2016010300230 	2016010300230 	
2016010300233 	2016010300233 	
2016010300235 	2016010300235 	
2016010300240 	2016010300240 	
2016010300241 	2016010300241 	
2016010300243 	2016010300243 	
2016010300245 	2016010300245 	
2016010300246 	2016010300246 	
2016010300248 	2016010300248 	
2016010300252 	2016010300252 	
2016010300257 	2016010300257 	
2016010300260 	2016010300260 	
2016010300263 	2016010300263 	
2016010300267 	2016010300267 	
2016010300269 	2016010300269 	
2016010300271 	2016010300271 	
2016010300272 	2016010300272 	
2016010300276 	2016010300276 	
2016010300277 	2016010300277 	
2016010300278 	2016010300278 	
2016010300280 	2016010300280 	
2016010300285 	2016010300285 	
2016010300291 	2016010300291 	
2016010300293 	2016010300293 	
2016010300294 	2016010300294 	
2016010300295 	2016010300295 	
2016010300299 	2016010300299 	
2016010300300 	2016010300300 	
2016010300302 	2016010300302 	
2016010300304 	2016010300304 	
2016010300305 	2016010300305 	
2016010300307 	2016010300307 	
2016010300308 	2016010300308 	
2016010300310 	2016010300310 	
2016010300314 	2016010300314 	
2016010300316 	2016010300316 	
2016010300317 	2016010300317 	
2016010300319 	2016010300319 	
2016010300321 	2016010300321 	
2016010300322 	2016010300322 	
2016010300324 	2016010300324 	
2016010300329 	2016010300329 	
2016010300331 	2016010300331 	
2016010300333 	2016010300333 	
2016010300335 	2016010300335 	
2016010300339 	2016010300339 	
2016010300340 	2016010300340 	
2016010300342 	2016010300342 	
2016010300344 	2016010300344 	
2016010300345 	2016010300345 	
2016010300350 	2016010300350 	
2016010300352 	2016010300352 	
2016010300360 	2016010300360 	
2016010300361 	2016010300361 	
2016010300363 	2016010300363 	
2016010300365 	2016010300365 	
2016010300367 	2016010300367 	
2016010300376 	2016010300376 	
2016010300377 	2016010300377 	
2016010300384 	2016010300384 	
2016010300386 	2016010300386 	
2016010300388 	2016010300388 	
2016010300390 	2016010300390 	
2016010300391 	2016010300391 	
2016010300394 	2016010300394 	
2016010300396 	2016010300396 	
2016010300397 	2016010300397 	
2016010300399 	2016010300399 	
2016010300400 	2016010300400 	
2016010300403 	2016010300403 	
2016010300404 	2016010300404 	
2016010300409 	2016010300409 	
2016010300410 	2016010300410 	
2016010300411 	2016010300411 	
2016010300412 	2016010300412 	
2016010300415 	2016010300415 	
2016010300418 	2016010300418 	
2016010300421 	2016010300354 	2016010300421 	
2016010300422 	2016010300422 	
2016010300429 	2016010300429 	
2016010300430 	2016010300430 	
2016010300432 	2016010300432 	
2016010300439 	2016010300439 	
2016010300445 	2016010300445 	
2016010300451 	2016010300451 	
2016010300454 	2016010300454 	
2016010300455 	2016010300455 	
2016010300460 	2016010300460 	
2016010300464 	2016010300464 	
2016010300466 	2016010300466 	
2016010300467 	2016010300467 	
2016010300469 	2016010300469 	
2016010300470 	2016010300470 	
2016010300471 	2016010300471 	
2016010300472 	2016010300472 	
2016010300473 	2016010300473 	
2016010300475 	2016010300475 	
2016010300480 	2016010300480 	
2016010300483 	2016010300483 	
2016010300488 	2016010300488 	
2016010300491 	2016010300491 	
2016010300492 	2016010300492 	
2016010300494 	2016010300494 	
2016010300495 	2016010300495 	
2016010300496 	2016010300496 	
2016010300505 	2016010300505 	
2016010300507 	2016010300507 	
2016010300509 	2016010300509 	
2016010300510 	2016010300510 	
2016010300515 	2016010300515 	
2016010300522 	2016010300522 	
2016010300523 	2016010300523 	
2016010300524 	2016010300524 	
2016010300525 	2016010300525 	
2016010300528 	2016010300528 	
2016010300529 	2016010300529 	
2016010300530 	2016010300530 	
2016010300533 	2016010300533 	
2016010300534 	2016010300534 	
2016010300536 	2016010300536 	
2016010300538 	2016010300538 	
2016010300539 	2016010300539 	
2016010300540 	2016010300540 	
2016010300543 	2016010300543 	
2016010300544 	2016010300544 	
2016010300546 	2016010300546 	
2016010300547 	2016010300547 	
2016010300549 	2016010300549 	
2016010300550 	2016010300550 	
2016010300552 	2016010300552 	
2016010300556 	2016010300556 	
2016010300558 	2016010300558 	
2016010300559 	2016010300559 	
2016010300560 	2016010300560 	
2016010300563 	2016010300563 	
2016010300564 	2016010300564 	
2016010300567 	2016010300567 	
2016010300569 	2016010300569 	
2016010300570 	2016010300570 	
2016010300571 	2016010300571 	
2016010300574 	2016010300574 	
2016010300575 	2016010300575 	
2016010300576 	2016010300576 	
2016010300578 	2016010300578 	
2016010300579 	2016010300579 	
2016010300580 	2016010300580 	
2016010300582 	2016010300582 	
2016010300584 	2016010300584 	
2016010300589 	2016010300589 	
2016010300591 	2016010300591 	
2016010300594 	2016010300594 	
2016010300609 	2016010300609 	
2016010300611 	2016010300611 	
2016010300612 	2016010300612 	
2016010300615 	2016010300615 	
2016010300618 	2016010300618 	
2016010300619 	2016010300619 	
2016010300621 	2016010300513 	2016010300621 	
2016010300623 	2016010300623 	
2016010300627 	2016010300627 	
2016010300630 	2016010300630 	
2016010300633 	2016010300633 	
2016010300637 	2016010300637 	
2016010300642 	2016010300642 	
2016010300644 	2016010300644 	
2016010300646 	2016010300646 	
2016010300647 	2016010300647 	
2016010300649 	2016010300649 	
2016010300651 	2016010300651 	
2016010300660 	2016010300660 	
2016010300661 	2016010300661 	
2016010300662 	2016010300662 	
2016010300669 	2016010300669 	
2016010300673 	2016010300673 	
2016010300676 	2016010300676 	
2016010300677 	2016010300677 	
2016010300681 	2016010300681 	
2016010300683 	2016010300683 	
2016010300685 	2016010300685 	
2016010300686 	2016010300686 	
2016010300688 	2016010300688 	
2016010300693 	2016010300693 	
2016010300697 	2016010300697 	
2016010300699 	2016010300699 	
2016010300702 	2016010300702 	
2016010300706 	2016010300706 	
2016010300708 	2016010300708 	
2016010300716 	2016010300716 	
2016010300718 	2016010300517 	2016010300718 	
2016010300723 	2016010300723 	
2016010300724 	2016010300724 	
2016010300726 	2016010300726 	
2016010300727 	2016010300727 	
2016010300729 	2016010300729 	
2016010300730 	2016010300730 	
2016010300733 	2016010300733 	
2016010300734 	2016010300734 	
2016010300735 	2016010300735 	
2016010300737 	2016010300737 	
2016010300738 	2016010300738 	
2016010300740 	2016010300740 	
2016010300742 	2016010300780 	2016010300742 	
2016010300749 	2016010300749 	
2016010300751 	2016010300751 	
2016010300752 	2016010300752 	
2016010300754 	2016010300754 	
2016010300760 	2016010300760 	
2016010300765 	2016010300765 	
2016010300766 	2016010300766 	
2016010300767 	2016010300767 	
2016010300769 	2016010300769 	
2016010300770 	2016010300770 	
2016010300771 	2016010300771 	
2016010300775 	2016010300775 	
2016010300779 	2016010300779 	
2016010300781 	2016010300781 	
2016010300782 	2016010300782 	
2016010300785 	2016010300785 	
2016010300787 	2016010300787 	
2016010300791 	2016010300791 	
2016010300794 	2016010300794 	
2016010300804 	2016010300804 	
2016010300805 	2016010300805 	
2016010300808 	2016010300808 	
2016010300809 	2016010300809 	
2016010300811 	2016010300811 	
2016010300819 	2016010300819 	
2016010300822 	2016010300822 	
2016010300823 	2016010300823 	
2016010300830 	2016010300830 	
2016010300831 	2016010300831 	
2016010300832 	2016010300832 	
2016010300837 	2016010300837 	
2016010300842 	2016010300842 	
2016010300844 	2016010300844 	
2016010300854 	2016010300854 	
2016010300855 	2016010300855 	
2016010300864 	2016010300864 	
2016010300865 	2016010300865 	
2016010300868 	2016010300868 	
2016010300869 	2016010300869 	
2016010300872 	2016010300872 	
2016010300878 	2016010300878 	
2016010300883 	2016010300883 	
2016010300884 	2016010300884 	
2016010300886 	2016010300886 	
2016010300888 	2016010300888 	
2016010300889 	2016010300889 	
2016010300891 	2016010300891 	
2016010300892 	2016010300892 	
2016010300893 	2016010300893 	
2016010300898 	2016010300898 	
2016010300900 	2016010300900 	
2016010300902 	2016010300902 	
2016010300903 	2016010300903 	
2016010300906 	2016010300906 	
2016010300907 	2016010300907 	
2016010300910 	2016010300910 	
2016010300913 	2016010300913 	
2016010300914 	2016010300914 	
2016010300916 	2016010300916 	
2016010300917 	2016010300917 	
2016010300918 	2016010300918 	
2016010300919 	2016010300919 	
2016010300922 	2016010300922 	
2016010300926 	2016010300926 	
2016010300927 	2016010300927 	
2016010300928 	2016010300928 	
2016010300931 	2016010300931 	
2016010300933 	2016010300933 	
2016010300935 	2016010300935 	
2016010300936 	2016010300936 	
2016010300937 	2016010300937 	
2016010300941 	2016010300941 	
2016010300942 	2016010300942 	
2016010300948 	2016010300948 	
2016010300949 	2016010300949 	
2016010300950 	2016010300950 	
2016010300954 	2016010300954 	
2016010300955 	2016010300955 	
2016010300956 	2016010300956 	
2016010300958 	2016010300958 	
2016010300960 	2016010300960 	
2016010300964 	2016010300964 	
2016010300968 	2016010300968 	
2016010300969 	2016010300969 	
2016010300971 	2016010300971 	
2016010300973 	2016010300973 	
2016010300974 	2016010300974 	
2016010300978 	2016010300978 	
2016010300980 	2016010300980 	
2016010300987 	2016010300987 	
2016010300989 	2016010300989 	
2016010300990 	2016010300990 	
2016010300995 	2016010300995 	
2016010300996 	2016010300996 	
2016010300997 	2016010300997 	
2016010300999 	2016010300999 	
2016010301000 	2016010301000 	
2016010100001 	2016010100001 	
2016010100004 	2016010100004 	
2016010100008 	2016010100008 	
2016010100009 	2016010100009 	
2016010100010 	2016010100010 	
2016010100011 	2016010100011 	
2016010100012 	2016010100012 	
2016010100013 	2016010100013 	
2016010100015 	2016010100015 	
2016010100016 	2016010100016 	
2016010100019 	2016010100019 	
2016010100021 	2016010100021 	
2016010100022 	2016010100022 	
2016010100024 	2016010100024 	
2016010100026 	2016010100026 	
2016010100028 	2016010100028 	
2016010100029 	2016010100029 	
2016010100030 	2016010100030 	
2016010100031 	2016010100031 	
2016010100032 	2016010100032 	
2016010100033 	2016010100033 	
2016010100034 	2016010100034 	
2016010100035 	2016010100035 	
2016010100038 	2016010100038 	
2016010100039 	2016010100039 	
2016010100040 	2016010100040 	
2016010100041 	2016010100041 	
2016010100044 	2016010100044 	
2016010100046 	2016010100046 	
2016010100047 	2016010100047 	
2016010100048 	2016010100048 	
2016010100051 	2016010100051 	
2016010100052 	2016010100052 	
2016010100053 	2016010100053 	
2016010100054 	2016010100054 	
2016010100056 	2016010100056 	
2016010100057 	2016010100057 	
2016010100059 	2016010100059 	
2016010100061 	2016010100061 	
2016010100062 	2016010100062 	
2016010100064 	2016010100064 	2016010100246 	
2016010100069 	2016010100069 	
2016010100071 	2016010100071 	
2016010100072 	2016010100072 	
2016010100073 	2016010100073 	
2016010100074 	2016010100074 	
2016010100075 	2016010100075 	
2016010100076 	2016010100076 	
2016010100077 	2016010100077 	
2016010100078 	2016010100078 	
2016010100079 	2016010100079 	
2016010100080 	2016010100080 	
2016010100082 	2016010100082 	
2016010100084 	2016010100084 	
2016010100085 	2016010100085 	
2016010100086 	2016010100086 	
2016010100087 	2016010100087 	
2016010100089 	2016010100089 	
2016010100097 	2016010100097 	
2016010100100 	2016010100100 	
2016010100101 	2016010100101 	
2016010100103 	2016010100103 	
2016010100105 	2016010100105 	
2016010100106 	2016010100106 	
2016010100108 	2016010100108 	
2016010100110 	2016010100110 	
2016010100111 	2016010100111 	
2016010100112 	2016010100112 	
2016010100115 	2016010100115 	
2016010100116 	2016010100116 	
2016010100117 	2016010100117 	
2016010100123 	2016010100123 	
2016010100124 	2016010100124 	
2016010100127 	2016010100127 	
2016010100128 	2016010100128 	
2016010100130 	2016010100130 	
2016010100131 	2016010100131 	
2016010100132 	2016010100132 	
2016010100133 	2016010100133 	
2016010100134 	2016010100134 	
2016010100136 	2016010100136 	
2016010100137 	2016010100137 	
2016010100140 	2016010100140 	
2016010100143 	2016010100143 	
2016010100144 	2016010100144 	
2016010100145 	2016010100145 	
2016010100146 	2016010100146 	
2016010100148 	2016010100148 	
2016010100149 	2016010100149 	
2016010100150 	2016010100150 	
2016010100153 	2016010100153 	
2016010100155 	2016010100155 	
2016010100157 	2016010100157 	
2016010100158 	2016010100158 	
2016010100159 	2016010100159 	
2016010100160 	2016010100160 	
2016010100162 	2016010100162 	
2016010100163 	2016010100163 	
2016010100164 	2016010100164 	
2016010100166 	2016010100166 	
2016010100170 	2016010100170 	2016010100095 	
2016010100172 	2016010100172 	
2016010100175 	2016010100175 	
2016010100176 	2016010100176 	
2016010100177 	2016010100177 	
2016010100180 	2016010100180 	
2016010100181 	2016010100181 	
2016010100183 	2016010100182 	2016010100183 	
2016010100184 	2016010100184 	
2016010100186 	2016010100186 	
2016010100187 	2016010100187 	
2016010100190 	2016010100190 	
2016010100191 	2016010100191 	
2016010100192 	2016010100192 	
2016010100194 	2016010100194 	
2016010100195 	2016010100195 	
2016010100196 	2016010100196 	
2016010100197 	2016010100197 	
2016010100198 	2016010100198 	
2016010100200 	2016010100200 	
2016010100201 	2016010100201 	
2016010100203 	2016010100203 	
2016010100204 	2016010100065 	2016010100204 	
2016010100205 	2016010100205 	
2016010100206 	2016010100206 	
2016010100208 	2016010100208 	
2016010100209 	2016010100209 	
2016010100210 	2016010100210 	
2016010100211 	2016010100211 	
2016010100213 	2016010100213 	
2016010100214 	2016010100214 	
2016010100216 	2016010100216 	
2016010100218 	2016010100218 	
2016010100219 	2016010100219 	
2016010100220 	2016010100220 	
2016010100221 	2016010100221 	
2016010100223 	2016010100223 	
2016010100224 	2016010100224 	
2016010100225 	2016010100225 	
2016010100226 	2016010100226 	
2016010100229 	2016010100229 	
2016010100231 	2016010100231 	
2016010100232 	2016010100232 	
2016010100233 	2016010100233 	
2016010100234 	2016010100234 	
2016010100235 	2016010100235 	
2016010100237 	2016010100237 	
2016010100238 	2016010100238 	
2016010100239 	2016010100239 	
2016010100240 	2016010100240 	
2016010100243 	2016010100243 	
2016010100244 	2016010100244 	
2016010100249 	2016010100249 	
2016010100252 	2016010100252 	
2016010100253 	2016010100253 	
2016010100256 	2016010100256 	
2016010100258 	2016010100258 	
2016010100259 	2016010100259 	
2016010100260 	2016010100260 	
2016010100262 	2016010100262 	
2016010100263 	2016010100263 	
2016010100264 	2016010100264 	
2016010100265 	2016010100265 	
2016010100266 	2016010100266 	
2016010100269 	2016010100269 	
2016010100274 	2016010100274 	
2016010100275 	2016010100275 	
2016010100276 	2016010100276 	
2016010100277 	2016010100277 	
2016010100278 	2016010100278 	
2016010100281 	2016010100281 	
2016010100282 	2016010100282 	
2016010100283 	2016010100283 	
2016010100284 	2016010100284 	
2016010100285 	2016010100285 	
2016010100286 	2016010100286 	
2016010100287 	2016010100287 	
2016010100289 	2016010100289 	
2016010100290 	2016010100290 	
2016010100291 	2016010100291 	
2016010100293 	2016010100293 	
2016010100294 	2016010100294 	
2016010100295 	2016010100295 	
2016010100298 	2016010100298 	
2016010100302 	2016010100302 	
2016010100305 	2016010100305 	
2016010100308 	2016010100308 	
2016010100309 	2016010100309 	
2016010100311 	2016010100311 	
2016010100312 	2016010100312 	
2016010100315 	2016010100315 	
2016010100316 	2016010100316 	
2016010100317 	2016010100317 	
2016010100318 	2016010100318 	
2016010100321 	2016010100321 	
2016010100322 	2016010100322 	
2016010100324 	2016010100324 	
2016010100325 	2016010100325 	
2016010100330 	2016010100330 	
2016010100332 	2016010100332 	
2016010100334 	2016010100334 	
2016010100336 	2016010100336 	
2016010100338 	2016010100338 	
2016010100340 	2016010100340 	
2016010100341 	2016010100341 	
2016010100343 	2016010100343 	
2016010100344 	2016010100344 	
2016010100345 	2016010100345 	
2016010100350 	2016010100350 	
2016010100351 	2016010100351 	
2016010100352 	2016010100352 	
2016010100353 	2016010100353 	
2016010100354 	2016010100354 	
2016010100355 	2016010100355 	
2016010100356 	2016010100356 	
2016010100358 	2016010100358 	
2016010100359 	2016010100359 	
2016010100360 	2016010100360 	
2016010100361 	2016010100361 	
2016010100362 	2016010100362 	
2016010100364 	2016010100364 	
2016010100368 	2016010100368 	
2016010100371 	2016010100371 	
2016010100374 	2016010100374 	
2016010100375 	2016010100375 	
2016010100377 	2016010100377 	
2016010100378 	2016010100378 	
2016010100380 	2016010100380 	
2016010100387 	2016010100387 	
2016010100388 	2016010100388 	
2016010100390 	2016010100390 	
2016010100391 	2016010100391 	
2016010100392 	2016010100392 	2016010100395 	
2016010100393 	2016010100393 	
2016010100394 	2016010100394 	
2016010100396 	2016010100396 	
2016010100397 	2016010100397 	
2016010100398 	2016010100398 	
2016010100399 	2016010100399 	
2016010100400 	2016010100400 	
2016010100404 	2016010100404 	
2016010100406 	2016010100406 	
2016010100407 	2016010100407 	
2016010100409 	2016010100409 	
2016010100411 	2016010100411 	
2016010100412 	2016010100412 	
2016010100413 	2016010100413 	
2016010100417 	2016010100417 	
2016010100418 	2016010100418 	
2016010100419 	2016010100419 	
2016010100420 	2016010100420 	
2016010100421 	2016010100421 	
2016010100422 	2016010100422 	
2016010100423 	2016010100423 	
2016010100425 	2016010100425 	
2016010100426 	2016010100426 	
2016010100428 	2016010100428 	
2016010100429 	2016010100429 	
2016010100435 	2016010100435 	
2016010100436 	2016010100436 	
2016010100437 	2016010100437 	
2016010100439 	2016010100439 	
2016010100440 	2016010100440 	
2016010100446 	2016010100446 	
2016010100449 	2016010100449 	
2016010100450 	2016010100450 	
2016010100451 	2016010100451 	
2016010100453 	2016010100453 	
2016010100454 	2016010100454 	
2016010100456 	2016010100456 	
2016010100459 	2016010100459 	
2016010100460 	2016010100460 	
2016010100461 	2016010100461 	
2016010100462 	2016010100462 	
2016010100463 	2016010100463 	
2016010100464 	2016010100464 	
2016010100466 	2016010100466 	
2016010100467 	2016010100467 	
2016010100471 	2016010100471 	
2016010100472 	2016010100472 	
2016010100474 	2016010100474 	
2016010100476 	2016010100476 	
2016010100477 	2016010100477 	
2016010100478 	2016010100478 	
2016010100479 	2016010100479 	
2016010100481 	2016010100481 	
2016010100485 	2016010100485 	
2016010100486 	2016010100486 	
2016010100487 	2016010100487 	
2016010100488 	2016010100488 	
2016010100489 	2016010100489 	
2016010100490 	2016010100490 	
2016010100493 	2016010100493 	
2016010100494 	2016010100494 	
2016010100495 	2016010100495 	
2016010100498 	2016010100498 	
2016010100500 	2016010100500 	
2016010100501 	2016010100501 	
2016010100502 	2016010100502 	
2016010100506 	2016010100506 	
2016010100507 	2016010100507 	
2016010100508 	2016010100508 	
2016010100510 	2016010100510 	
2016010100512 	2016010100512 	
2016010100513 	2016010100513 	
2016010100514 	2016010100514 	
2016010100516 	2016010100516 	
2016010100517 	2016010100517 	
2016010100520 	2016010100520 	
2016010100523 	2016010100523 	
2016010100525 	2016010100525 	
2016010100526 	2016010100526 	
2016010100527 	2016010100527 	
2016010100529 	2016010100529 	
2016010100530 	2016010100530 	
2016010100531 	2016010100531 	
2016010100532 	2016010100532 	
2016010100533 	2016010100533 	
2016010100535 	2016010100535 	
2016010100536 	2016010100536 	
2016010100539 	2016010100539 	
2016010100541 	2016010100541 	
2016010100543 	2016010100543 	
2016010100544 	2016010100544 	
2016010100545 	2016010100545 	
2016010100546 	2016010100546 	
2016010100548 	2016010100548 	
2016010100550 	2016010100550 	
2016010100551 	2016010100551 	
2016010100555 	2016010100555 	
2016010100558 	2016010100558 	
2016010100560 	2016010100560 	
2016010100561 	2016010100561 	
2016010100563 	2016010100563 	
2016010100565 	2016010100565 	
2016010100566 	2016010100566 	
2016010100568 	2016010100568 	
2016010100569 	2016010100569 	
2016010100571 	2016010100571 	
2016010100572 	2016010100572 	
2016010100573 	2016010100469 	2016010100573 	
2016010100574 	2016010100574 	
2016010100575 	2016010100575 	
2016010100576 	2016010100576 	
2016010100579 	2016010100579 	
2016010100580 	2016010100580 	
2016010100582 	2016010100582 	
2016010100584 	2016010100584 	
2016010100589 	2016010100589 	
2016010100590 	2016010100590 	
2016010100594 	2016010100594 	
2016010100596 	2016010100596 	
2016010100599 	2016010100599 	
2016010100604 	2016010100604 	
2016010100605 	2016010100605 	
2016010100606 	2016010100606 	
2016010100609 	2016010100609 	
2016010100612 	2016010100612 	
2016010100613 	2016010100613 	
2016010100617 	2016010100617 	
2016010100622 	2016010100622 	
2016010100631 	2016010100631 	
2016010100632 	2016010100632 	
2016010100633 	2016010100633 	
2016010100634 	2016010100634 	
2016010100641 	2016010100641 	
2016010100642 	2016010100642 	
2016010100645 	2016010100645 	
2016010100647 	2016010100647 	
2016010100648 	2016010100648 	
2016010100653 	2016010100653 	
2016010100656 	2016010100656 	
2016010100658 	2016010100658 	
2016010100659 	2016010100659 	
2016010100661 	2016010100661 	
2016010100662 	2016010100662 	
2016010100663 	2016010100663 	
2016010100664 	2016010100664 	
2016010100667 	2016010100667 	
2016010100668 	2016010100668 	
2016010100669 	2016010100669 	
2016010100670 	2016010100670 	
2016010100672 	2016010100672 	
2016010100673 	2016010100673 	
2016010100674 	2016010100674 	
2016010100675 	2016010100675 	
2016010100677 	2016010100677 	
2016010100678 	2016010100678 	
2016010100679 	2016010100679 	
2016010100681 	2016010100681 	
2016010100683 	2016010100683 	
2016010100685 	2016010100685 	
2016010100689 	2016010100689 	
2016010100691 	2016010100691 	
2016010100693 	2016010100693 	
2016010100694 	2016010100694 	
2016010100696 	2016010100696 	
2016010100699 	2016010100699 	
2016010100702 	2016010100702 	
2016010100703 	2016010100703 	
2016010100708 	2016010100708 	
2016010100710 	2016010100710 	
2016010100711 	2016010100711 	
2016010100712 	2016010100712 	
2016010100713 	2016010100713 	
2016010100715 	2016010100715 	
2016010100718 	2016010100718 	
2016010100721 	2016010100721 	
2016010100723 	2016010100723 	
2016010100724 	2016010100724 	
2016010100729 	2016010100729 	
2016010100732 	2016010100732 	
2016010100734 	2016010100734 	
2016010100949 	2016010100949 	
2016010300420 	2016010300420 	
2016010100742 	2016010100742 	
2016010300161 	2016010300161 	
2016010200585 	2016010200585 	
2016010100748 	2016010100748 	
2016010200575 	2016010200575 	
2016010200079 	2016010200079 	
2016010200083 	2016010200083 	
2016010200055 	2016010200055 	
2016010100248 	2016010100248 	
2016010300444 	2016010300444 	
2016010200605 	2016010200605 	
2016010200609 	2016010200609 	
2016010300963 	2016010300963 	
2016010300452 	2016010300452 	
2016010300967 	2016010300967 	
2016010300459 	2016010300459 	
2016010300972 	2016010300972 	
2016010300461 	2016010300461 	
2016010200111 	2016010200111 	
2016010100272 	2016010100272 	
2016010300083 	2016010300083 	
2016010200116 	2016010200116 	
2016010100791 	2016010100791 	
2016010300986 	2016010300986 	
2016010200671 	2016010200671 	
2016010100796 	2016010100796 	
2016010200637 	2016010200637 	
2016010200126 	2016010200126 	
2016010200128 	2016010200128 	
2016010200642 	2016010200642 	
2016010100292 	2016010100292 	
2016010200648 	2016010200648 	
2016010300219 	2016010300219 	
2016010100299 	2016010100299 	
2016010200652 	2016010200652 	
2016010300514 	2016010300514 	
2016010200143 	2016010200143 	
2016010300497 	2016010300497 	
2016010100014 	2016010100014 	
2016010300501 	2016010300501 	
2016010300328 	2016010300328 	
2016010200669 	2016010200669 	
2016010100319 	2016010100319 	
2016010300002 	2016010300002 	
2016010100836 	2016010100836 	
2016010200677 	2016010200677 	
2016010300520 	2016010300520 	2016010300581 	
2016010200682 	2016010200682 	
2016010100846 	2016010100846 	
2016010100847 	2016010100847 	
2016010200177 	2016010200177 	
2016010300018 	2016010300018 	
2016010300021 	2016010300021 	
2016010100854 	2016010100854 	
2016010300535 	2016010300535 	
2016010100856 	2016010100856 	
2016010100271 	2016010100271 	
2016010300028 	2016010300028 	
2016010200189 	2016010200189 	
2016010300255 	2016010300255 	
2016010300035 	2016010300035 	
2016010200196 	2016010200196 	
2016010300040 	2016010300040 	
2016010300041 	2016010300041 	
2016010300042 	2016010300042 	
2016010200203 	2016010200203 	
2016010200718 	2016010200718 	
2016010100880 	2016010100880 	
2016010200025 	2016010200025 	
2016010300568 	2016010300568 	
2016010200930 	2016010200930 	
2016010200733 	2016010200733 	
2016010200742 	2016010200742 	
2016010200519 	2016010200519 	
2016010300592 	2016010300592 	
2016010100402 	2016010100402 	
2016010300595 	2016010300595 	
2016010300086 	2016010300086 	
2016010200761 	2016010200761 	
2016010100923 	2016010100923 	
2016010300604 	2016010300604 	
2016010200253 	2016010200253 	
2016010300606 	2016010300606 	
2016010100853 	2016010100853 	
2016010200256 	2016010200256 	
2016010300097 	2016010300097 	
2016010300098 	2016010300098 	
2016010300875 	2016010300875 	
2016010100342 	2016010100342 	
2016010100257 	2016010100257 	
2016010200777 	2016010200777 	
2016010200270 	2016010200270 	
2016010200271 	2016010200271 	
2016010300628 	2016010300628 	
2016010200789 	2016010200789 	
2016010100950 	2016010100950 	
2016010300122 	2016010300122 	
2016010300636 	2016010300636 	
2016010200799 	2016010200799 	
2016010100448 	2016010100448 	
2016010300641 	2016010300641 	
2016010200290 	2016010200290 	
2016010300643 	2016010300643 	
2016010300132 	2016010300132 	
2016010300284 	2016010300284 	
2016010100970 	2016010100970 	
2016010200103 	2016010200103 	
2016010300141 	2016010300141 	
2016010200302 	2016010200302 	
2016010300541 	2016010300541 	
2016010100979 	2016010100979 	
2016010100468 	2016010100468 	
2016010200310 	2016010200310 	
2016010300663 	2016010300663 	
2016010300664 	2016010300664 	
2016010100948 	2016010100948 	
2016010200826 	2016010200826 	
2016010200316 	2016010200316 	
2016010200829 	2016010200829 	
2016010200830 	2016010200830 	
2016010300117 	2016010300117 	
2016010300672 	2016010300672 	
2016010200321 	2016010200321 	
2016010300675 	2016010300675 	
2016010300289 	2016010300289 	
2016010200840 	2016010200840 	
2016010100492 	2016010100492 	
2016010200335 	2016010200335 	
2016010100496 	2016010100496 	
2016010300177 	2016010300177 	2016010300055 	
2016010300179 	2016010300179 	
2016010300181 	2016010300181 	
2016010300695 	2016010300695 	
2016010300463 	2016010300463 	
2016010300700 	2016010300700 	
2016010100442 	2016010100442 	
2016010200937 	2016010200937 	
2016010200831 	2016010200831 	
2016010300976 	2016010300976 	
2016010200354 	2016010200354 	
2016010300199 	2016010300199 	
2016010300713 	2016010300713 	
2016010300714 	2016010300714 	
2016010300210 	2016010300210 	
2016010200878 	2016010200878 	
2016010100701 	2016010100701 	
2016010200456 	2016010200456 	
2016010200370 	2016010200370 	
2016010300211 	2016010300211 	
2016010300214 	2016010300214 	
2016010100873 	2016010100873 	
2016010300728 	2016010300728 	
2016010300217 	2016010300217 	
2016010300731 	2016010300731 	
2016010200892 	2016010200892 	
2016010100363 	2016010100363 	
2016010100036 	2016010100036 	
2016010300232 	2016010300232 	
2016010300758 	2016010300758 	
2016010100055 	2016010100055 	
2016010100483 	2016010100483 	
2016010200411 	2016010200411 	
2016010300474 	2016010300474 	
2016010100063 	2016010100063 	
2016010100066 	2016010100066 	
2016010100067 	2016010100067 	
2016010100068 	2016010100068 	
2016010300732 	2016010300732 	
2016010300266 	2016010300266 	
2016010100626 	2016010100626 	
2016010300783 	2016010300783 	
2016010300273 	2016010300273 	
2016010100083 	2016010100083 	
2016010300790 	2016010300790 	
2016010300793 	2016010300793 	
2016010100602 	2016010100602 	
2016010200956 	2016010200956 	
2016010200958 	2016010200954 	2016010200958 	
2016010100800 	2016010100800 	
2016010100098 	2016010100098 	
2016010300163 	2016010300163 	
2016010200966 	2016010200966 	
2016010200455 	2016010200455 	
2016010100104 	2016010100104 	
2016010100619 	2016010100619 	
2016010200460 	2016010200460 	
2016010300814 	2016010300814 	
2016010200301 	2016010200301 	
2016010200240 	2016010200240 	
2016010100114 	2016010100114 	
2016010300739 	2016010300739 	
2016010100630 	2016010100630 	
2016010200983 	2016010200983 	
2016010100121 	2016010100121 	
2016010100122 	2016010100122 	
2016010300827 	2016010300827 	
2016010100636 	2016010100636 	
2016010300829 	2016010300829 	
2016010100126 	2016010100126 	
2016010200048 	2016010200048 	
2016010200483 	2016010200483 	
2016010200999 	2016010200999 	
2016010201000 	2016010201000 	
2016010300841 	2016010300841 	
2016010300330 	2016010300330 	
2016010100537 	2016010100537 	
2016010100142 	2016010100142 	
2016010200477 	2016010200477 	
2016010300975 	2016010300975 	
2016010300147 	2016010300147 	
2016010300852 	2016010300852 	
2016010200503 	2016010200503 	
2016010100152 	2016010100152 	
2016010100212 	2016010100212 	
2016010300858 	2016010300858 	
2016010300860 	2016010300860 	
2016010300862 	2016010300862 	
2016010300863 	2016010300863 	
2016010300061 	2016010300061 	
2016010100161 	2016010100161 	
2016010300357 	2016010300357 	
2016010300871 	2016010300871 	
2016010200010 	2016010200010 	
2016010100171 	2016010100171 	
2016010100173 	2016010100173 	
2016010300880 	2016010300880 	
2016010300881 	2016010300881 	
2016010200019 	2016010200019 	
2016010200533 	2016010200533 	
2016010300374 	2016010300374 	
2016010300887 	2016010300887 	
2016010100027 	2016010100027 	
2016010200026 	2016010200026 	
2016010100188 	2016010100188 	
2016010300381 	2016010300381 	
2016010300896 	2016010300896 	
2016010200546 	2016010200546 	
2016010200036 	2016010200036 	
2016010200038 	2016010200038 	
2016010100914 	2016010100914 	
2016010200552 	2016010200552 	
2016010200042 	2016010200042 	
2016010200045 	2016010200045 	
2016010300912 	2016010300912 	
2016010300840 	2016010300840 	
2016010100722 	2016010100722 	
2016010200122 	2016010200122 	
2016010200564 	2016010200564 	
2016010300406 	2016010300406 	
2016010100215 	2016010100215 	
2016010300671 	2016010300671 	
2016010200060 	2016010200060 	
2016010100735 	2016010100735 	
2016010100740 	2016010100740 	
2016010100230 	2016010100230 	
2016010100743 	2016010100743 	
2016010300424 	2016010300424 	
2016010300939 	2016010300939 	
2016010300940 	2016010300940 	
2016010200834 	2016010200834 	
2016010200592 	2016010200592 	
2016010100754 	2016010100754 	
2016010300947 	2016010300947 	
2016010100245 	2016010100245 	
2016010300847 	2016010300847 	
2016010200093 	2016010200093 	
2016010100770 	2016010100770 	
2016010200100 	2016010200100 	
2016010300965 	2016010300965 	
2016010200614 	2016010200614 	
2016010300456 	2016010300456 	
2016010100270 	2016010100270 	
2016010100273 	2016010100273 	
2016010300979 	2016010300979 	
2016010300983 	2016010300983 	
2016010100792 	2016010100792 	
2016010200124 	2016010200124 	
2016010300477 	2016010300477 	
2016010300355 	2016010300355 	
2016010300991 	2016010300991 	
2016010100288 	2016010100288 	
2016010100801 	2016010100801 	
2016010300482 	2016010300482 	
2016010300998 	2016010300998 	
2016010100296 	2016010100296 	
2016010100809 	2016010100809 	
2016010300490 	2016010300490 	
2016010100812 	2016010100812 	
2016010300493 	2016010300493 	
2016010100303 	2016010100303 	
2016010100818 	2016010100818 	
2016010100819 	2016010100819 	
2016010100821 	2016010100821 	
2016010200665 	2016010200665 	
2016010200666 	2016010200666 	
2016010100829 	2016010100829 	
2016010100320 	2016010100320 	
2016010200673 	2016010200673 	
2016010200674 	2016010200674 	
2016010200166 	2016010200166 	
2016010100327 	2016010100327 	
2016010300008 	2016010300008 	
2016010100839 	2016010100839 	
2016010300012 	2016010300012 	
2016010200594 	2016010200594 	
2016010200174 	2016010200174 	
2016010100373 	2016010100373 	
2016010100850 	2016010100850 	
2016010300532 	2016010300532 	
2016010300023 	2016010300023 	
2016010100347 	2016010100347 	
2016010300029 	2016010300029 	
2016010100862 	2016010100862 	
2016010300032 	2016010300032 	
2016010200705 	2016010200705 	
2016010200708 	2016010200708 	
2016010300920 	2016010300920 	
2016010100872 	2016010100872 	
2016010300553 	2016010300553 	
2016010300046 	2016010300046 	
2016010300050 	2016010300050 	
2016010200723 	2016010200723 	
2016010200212 	2016010200212 	
2016010200725 	2016010200725 	
2016010300054 	2016010300054 	
2016010300056 	2016010300056 	
2016010100379 	2016010100379 	
2016010300060 	2016010300060 	
2016010300573 	2016010300573 	
2016010100383 	2016010100383 	
2016010100384 	2016010100384 	
2016010300066 	2016010300066 	
2016010300583 	2016010300583 	
2016010200745 	2016010200745 	
2016010200746 	2016010200746 	
2016010300082 	2016010300082 	
2016010100403 	2016010100403 	
2016010300596 	2016010300596 	
2016010200758 	2016010200758 	
2016010200247 	2016010200247 	
2016010200760 	2016010200760 	
2016010300106 	2016010300106 	
2016010200255 	2016010200255 	
2016010300608 	2016010300608 	
2016010100427 	2016010100427 	
2016010100932 	2016010100932 	
2016010300104 	2016010300104 	
2016010200524 	2016010200524 	
2016010100938 	2016010100938 	
2016010100939 	2016010100939 	
2016010100941 	2016010100941 	
2016010300622 	2016010300622 	
2016010100434 	2016010100434 	
2016010100515 	2016010100515 	
2016010100438 	2016010100438 	
2016010300632 	2016010300632 	
2016010300638 	2016010300638 	
2016010200800 	2016010200800 	
2016010100154 	2016010100154 	
2016010100962 	2016010100962 	
2016010300795 	2016010300795 	
2016010200292 	2016010200292 	
2016010300288 	2016010300288 	
2016010200806 	2016010200806 	
2016010300137 	2016010300137 	
2016010300650 	2016010300650 	
2016010300711 	2016010300711 	
2016010100684 	2016010100684 	
2016010300143 	2016010300143 	
2016010300656 	2016010300656 	
2016010300657 	2016010300657 	
2016010200625 	2016010200625 	
2016010100982 	2016010100982 	
2016010100207 	2016010100207 	
2016010300153 	2016010300153 	
2016010100475 	2016010100475 	
2016010300157 	2016010300157 	
2016010100480 	2016010100480 	
2016010100096 	2016010100096 	
2016010300674 	2016010300674 	
2016010100997 	2016010100997 	
2016010300166 	2016010300166 	2016010300158 	
2016010200839 	2016010200839 	
2016010100524 	2016010100524 	
2016010300687 	2016010300687 	
2016010200337 	2016010200337 	
2016010300690 	2016010300690 	
2016010300184 	2016010300184 	
2016010300191 	2016010300191 	
2016010300704 	2016010300704 	
2016010300705 	2016010300705 	
2016010100002 	2016010100002 	
2016010100003 	2016010100003 	
2016010200356 	2016010200356 	
2016010100006 	2016010100006 	
2016010100007 	2016010100007 	
2016010100522 	2016010100522 	
2016010300715 	2016010300715 	
2016010200876 	2016010200876 	
2016010100528 	2016010100528 	
2016010300721 	2016010300721 	
2016010100534 	2016010100534 	
2016010300298 	2016010300298 	
2016010200900 	2016010200900 	
2016010100549 	2016010100549 	
2016010100553 	2016010100553 	
2016010100279 	2016010100279 	
2016010300237 	2016010300237 	
2016010300750 	2016010300750 	
2016010200911 	2016010200911 	
2016010100562 	2016010100562 	
2016010200915 	2016010200915 	
2016010300756 	2016010300756 	
2016010200206 	2016010200206 	
2016010300247 	2016010300247 	
2016010200409 	2016010200409 	
2016010200410 	2016010200410 	
2016010300764 	2016010300764 	
2016010300389 	2016010300389 	
2016010200932 	2016010200932 	
2016010300773 	2016010300773 	
2016010200423 	2016010200423 	
2016010300265 	2016010300265 	
2016010200943 	2016010200943 	
2016010300784 	2016010300784 	
2016010300786 	2016010300786 	
2016010300275 	2016010300275 	
2016010300788 	2016010300788 	
2016010300279 	2016010300279 	
2016010100109 	2016010100109 	
2016010100603 	2016010100603 	
2016010300138 	2016010300138 	
2016010200446 	2016010200446 	
2016010300799 	2016010300799 	
2016010100608 	2016010100608 	
2016010300992 	2016010300992 	
2016010300803 	2016010300803 	
2016010100616 	2016010100616 	
2016010300810 	2016010300810 	
2016010100107 	2016010100107 	
2016010300812 	2016010300812 	
2016010100802 	2016010100802 	
2016010200462 	2016010200462 	
2016010100623 	2016010100623 	
2016010100624 	2016010100624 	
2016010100113 	2016010100113 	
2016010300821 	2016010300821 	
2016010300311 	2016010300311 	
2016010100975 	2016010100975 	
2016010100637 	2016010100637 	
2016010100638 	2016010100638 	
2016010100640 	2016010100640 	
2016010300315 	2016010300315 	
2016010300326 	2016010300326 	
2016010300839 	2016010300839 	
2016010100649 	2016010100649 	
2016010300845 	2016010300845 	
2016010100655 	2016010100655 	
2016010300853 	2016010300853 	
2016010300489 	2016010300489 	
2016010300911 	2016010300911 	
2016010300346 	2016010300346 	
2016010300349 	2016010300349 	
2016010200511 	2016010200511 	
2016010300866 	2016010300866 	
2016010200515 	2016010200515 	
2016010300870 	2016010300870 	
2016010200521 	2016010200521 	
2016010300362 	2016010300362 	
2016010300283 	2016010300283 	
2016010300876 	2016010300876 	
2016010300369 	2016010300369 	
2016010100643 	2016010100643 	
2016010300885 	2016010300885 	
2016010100985 	2016010100985 	
2016010300894 	2016010300894 	
2016010100707 	2016010100707 	
2016010300901 	2016010300901 	
2016010300301 	2016010300301 	
2016010200553 	2016010200553 	
2016010100202 	2016010100202 	
2016010100135 	2016010100135 	
2016010300909 	2016010300909 	
2016010100719 	2016010100719 	
2016010200563 	2016010200563 	
2016010100727 	2016010100727 	
2016010100728 	2016010100728 	
2016010200037 	2016010200037 	
2016010200064 	2016010200064 	
2016010300929 	2016010300929 	
2016010100739 	2016010100739 	
2016010300932 	2016010300932 	
2016010100310 	2016010100310 	
2016010200071 	2016010200071 	
2016010100744 	2016010100744 	
2016010300426 	2016010300426 	
2016010300428 	2016010300428 	
2016010300946 	2016010300946 	
2016010300419 	2016010300419 	
2016010200597 	2016010200597 	
2016010300438 	2016010300438 	
2016010200087 	2016010200087 	
2016010200601 	2016010200601 	
2016010100764 	2016010100764 	
2016010300250 	2016010300250 	
2016010200606 	2016010200606 	
2016010300447 	2016010300447 	
2016010300962 	2016010300962 	
2016010100773 	2016010100773 	
2016010300966 	2016010300966 	
2016010100267 	2016010100267 	
2016010200622 	2016010200622 	
2016010200630 	2016010200630 	
2016010300169 	2016010300169 	
2016010100795 	2016010100795 	
2016010300988 	2016010300988 	
2016010200129 	2016010200129 	
2016010200644 	2016010200644 	
2016010100297 	2016010100297 	
2016010100810 	2016010100810 	
2016010100811 	2016010100811 	
2016010200142 	2016010200142 	
2016010300498 	2016010300498 	
2016010100307 	2016010100307 	
2016010200148 	2016010200148 	
2016010200150 	2016010200150 	
2016010300503 	2016010300503 	
2016010300602 	2016010300602 	2016010300516 	
2016010300261 	2016010300261 	
2016010200162 	2016010200162 	
2016010300347 	2016010300347 	
2016010200167 	2016010200167 	
2016010200169 	2016010200169 	
2016010100844 	2016010100844 	
2016010100845 	2016010100845 	
2016010300015 	2016010300015 	
2016010200690 	2016010200690 	
2016010100339 	2016010100339 	
2016010200183 	2016010200183 	
2016010100346 	2016010100346 	
2016010100349 	2016010100349 	
2016010200191 	2016010200147 	2016010200191 	
2016010200194 	2016010200194 	
2016010300555 	2016010300555 	
2016010200207 	2016010200207 	
2016010100372 	2016010100372 	
2016010300063 	2016010300063 	
2016010300065 	2016010300065 	
2016010100386 	2016010100386 	
2016010200739 	2016010200739 	
2016010200231 	2016010200231 	
2016010200232 	2016010200232 	
2016010300586 	2016010300586 	
2016010300588 	2016010300588 	
2016010100401 	2016010100401 	
2016010200757 	2016010200757 	
2016010300598 	2016010300598 	
2016010200762 	2016010200762 	
2016010200251 	2016010200251 	
2016010100414 	2016010100414 	
2016010300610 	2016010300610 	
2016010200772 	2016010200772 	
2016010200261 	2016010200261 	
2016010300616 	2016010300616 	
2016010100937 	2016010100937 	
2016010300877 	2016010300877 	
2016010300624 	2016010300624 	
2016010100433 	2016010100433 	
2016010300115 	2016010300115 	
2016010300629 	2016010300629 	
2016010200794 	2016010200794 	
2016010100445 	2016010100445 	
2016010300127 	2016010300127 	
2016010200801 	2016010200801 	
2016010100774 	2016010100774 	
2016010100966 	2016010100966 	
2016010100455 	2016010100452 	2016010100455 	
2016010100457 	2016010100457 	
2016010100458 	2016010100458 	
2016010200820 	2016010200820 	
2016010100986 	2016010100986 	
2016010200433 	2016010200433 	
2016010100482 	2016010100482 	
2016010200836 	2016010200836 	
2016010300168 	2016010200248 	2016010200368 	2016010200165 	2016010300168 	
2016010200329 	2016010200329 	
2016010300692 	2016010300692 	
2016010300462 	2016010300462 	
2016010200866 	2016010200866 	
2016010200357 	2016010300281 	2016010200357 	
2016010100519 	2016010100519 	
2016010300202 	2016010300202 	
2016010300717 	2016010300717 	
2016010200797 	2016010200797 	
2016010300725 	2016010300725 	
2016010200380 	2016010200380 	
2016010200491 	2016010200491 	
2016010100542 	2016010100542 	
2016010200373 	2016010200373 	
2016010300125 	2016010300125 	
2016010200901 	2016010200901 	
2016010300231 	2016010300231 	
2016010200014 	2016010200014 	
2016010300745 	2016010300745 	
2016010300234 	2016010300234 	
2016010100050 	2016010100050 	
2016010200406 	2016010200406 	
2016010100570 	2016010100570 	
2016010300251 	2016010300251 	
2016010300256 	2016010300256 	
2016010100578 	2016010100578 	
2016010200421 	2016010200421 	
2016010300262 	2016010300262 	
2016010300220 	2016010300220 	
2016010200427 	2016010200427 	
2016010100081 	2016010100081 	
2016010200186 	2016010200186 	
2016010200441 	2016010200441 	
2016010100058 	2016010100058 	
2016010100094 	2016010100094 	
2016010300800 	2016010300800 	
2016010200449 	2016010200449 	
2016010100610 	2016010100610 	
2016010100099 	2016010100099 	
2016010300806 	2016010300806 	
2016010200967 	2016010200967 	
2016010200971 	2016010200971 	
2016010100092 	2016010100092 	
2016010300313 	2016010300313 	
2016010200986 	2016010200986 	
2016010200784 	2016010200784 	
2016010300318 	2016010300318 	
2016010100639 	2016010100639 	
2016010200017 	2016010200017 	
2016010100644 	2016010100644 	
2016010300325 	2016010300325 	
2016010100646 	2016010100646 	
2016010300327 	2016010300327 	
2016010200489 	2016010200489 	
2016010200903 	2016010200903 	
2016010200393 	2016010200393 	
2016010100666 	2016010100666 	
2016010300859 	2016010300859 	
2016010300353 	2016010300353 	
2016010200514 	2016010200514 	
2016010200516 	2016010200516 	
2016010100165 	2016010100165 	
2016010300358 	2016010300358 	
2016010100167 	2016010100167 	
2016010100168 	2016010100168 	
2016010200525 	2016010200525 	
2016010100174 	2016010100174 	
2016010100687 	2016010100687 	
2016010200529 	2016010200529 	
2016010200479 	2016010200479 	
2016010300373 	2016010300373 	
2016010300379 	2016010300379 	
2016010200485 	2016010200485 	
2016010200991 	2016010200991 	
2016010200555 	2016010200555 	
2016010100733 	2016010100733 	
2016010200051 	2016010200051 	
2016010200776 	2016010200776 	
2016010100820 	2016010100820 	
2016010300924 	2016010300924 	
2016010200573 	2016010200573 	
2016010300414 	2016010300414 	
2016010300930 	2016010300930 	
2016010200710 	2016010200710 	
2016010200204 	2016010200204 	
2016010300045 	2016010300045 	
2016010100241 	2016010100241 	
2016010300434 	2016010300434 	
2016010100628 	2016010100628 	
2016010300440 	2016010300440 	
2016010200602 	2016010200602 	
2016010300925 	2016010300925 	
2016010300194 	2016010300194 	
2016010200611 	2016010200611 	
2016010300203 	2016010300203 	
2016010300337 	2016010300337 	
2016010100660 	2016010100660 	
2016010100790 	2016010100790 	
2016010200504 	2016010200504 	
2016010300218 	2016010300218 	
2016010300744 	2016010300744 	
2016010100300 	2016010100300 	
2016010200522 	2016010200522 	
2016010200395 	2016010200395 	
2016010100556 	2016010100556 	
2016010200785 	2016010200785 	
2016010300323 	2016010300323 	
2016010200020 	2016010200020 	
2016010200012 	2016010200012 	
2016010100822 	2016010100741 	2016010100822 	
2016010200792 	2016010200792 	
2016010200378 	2016010200378 	
2016010100236 	2016010100236 	
2016010100447 	2016010100447 	
2016010300387 	2016010300387 	
2016010200807 	2016010200807 	
2016010100841 	2016010100841 	
2016010300778 	2016010300778 	
2016010200701 	2016010200701 	
2016010100726 	2016010100726 	
2016010300797 	2016010300797 	
2016010300542 	2016010300542 	
